5000000            0            0    326.20043 
 5001000 0.00032833504 -0.00036524325    267.99729 
 5002000 0.00029764974 -0.00032922786     273.4081 
 5003000 0.00060264642 -0.00063342681     266.7921 
 5004000 0.00075253976 -0.00081221753    273.73775 
 5005000 0.00060282171 -0.00064994025    271.22592 
 5006000 0.00076600483 -0.00078638591    265.96157 
 5007000 0.00064237112 -0.0006654489    268.04338 
 5008000 0.00070925227 -0.0007471709    272.05285 
 5009000 0.00066382414 -0.0006575337    267.53106 
 5010000 0.00065862659 -0.00068284585    270.99389 
 5011000 0.0006710472 -0.00072454633    277.78477 
 5012000 0.00095138663 -0.00096559302     272.6306 
 5013000 0.00094402169 -0.00096104589    272.53886 
 5014000 0.00084094008 -0.00085099921    270.69277 
 5015000 0.0008000853 -0.00084840796    267.97993 
 5016000 0.0007192214 -0.00073805617    274.88069 
 5017000 0.00062184442 -0.00064887606    270.70771 
 5018000 0.00076585636 -0.00080855613    267.09863 
 5019000 0.00081572601 -0.00086774013    273.75298 
 5020000 0.00079537402 -0.00081168142    267.85666 
 5021000 0.00078095685 -0.00078092094    267.23932 
 5022000 0.00078586212 -0.0008198438    272.86884 
 5023000 0.00081256285 -0.00081677792    275.83297 
 5024000 0.00082155682 -0.00085590018    267.66599 
 5025000 0.00068169506 -0.00069119995    268.02519 
 5026000 0.00075139206 -0.00077958801    267.98792 
 5027000 0.0010638413 -0.0011019858    276.08686 
 5028000 0.0011713632 -0.0012087272    271.29488 
 5029000 0.0010149674 -0.0010471197    274.63215 
 5030000 0.0011153448 -0.0011533816    267.69934 
 5031000 0.0010329209 -0.0010112921    267.20805 
 5032000 0.0010061707 -0.0010410964    272.80958 
 5033000 0.00095486745 -0.00096960801    273.94969 
 5034000 0.0011026886 -0.0011543809    271.90312 
 5035000 0.0010133489 -0.0010225207    270.51266 
 5036000 0.00096103314 -0.00098993939    272.69912 
 5037000 0.0010167332 -0.0010550229    266.25548 
 5038000 0.0011682601 -0.0011377686    271.01927 
 5039000 0.0011619018 -0.0011595113    278.14737 
 5040000 0.0012718924 -0.0012915405    274.73084 
 5041000 0.0010709998 -0.0010750676    269.39166 
 5042000 0.0013396479 -0.0013660914    275.76686 
 5043000 0.0012286754 -0.0012704934    272.57689 
 5044000 0.0012799497 -0.0012765222    268.99863 
 5045000 0.0013362369 -0.0013518298    275.67854 
 5046000 0.0013945714 -0.0014075635    270.96799 
 5047000 0.0012611631 -0.0012804117     273.1814 
 5048000 0.0012206533 -0.001237594    270.53259 
 5049000 0.0012697706 -0.0012777675    265.33602 
 5050000  0.001305496 -0.0013154697    274.19053 
 5051000 0.0012638227 -0.0012458091    270.53528 
 5052000 0.0012582869 -0.0013086832    271.75383 
 5053000 0.0011581785 -0.0011891322    275.58226 
 5054000 0.0011960344 -0.0012096483    274.79615 
 5055000 0.0012234089 -0.0012516484    267.95663 
 5056000 0.0012846562 -0.001298888    267.02535 
 5057000 0.0011183551 -0.0011864012    272.71992 
 5058000 0.0010926069 -0.0010992127    271.36917 
 5059000 0.0010794129 -0.0011356181    272.33214 
 5060000 0.0011309496 -0.0011707528    276.00925 
 5061000 0.00096767268 -0.0010400205     268.5042 
 5062000 0.0011798361 -0.0011972236      274.091 
 5063000  0.001192817 -0.0012392457    267.80357 
 5064000 0.0014124632 -0.0014040587    269.75766 
 5065000 0.0011519302 -0.0011453991    270.96095 
 5066000 0.0011340412 -0.0011259103     268.4948 
 5067000 0.0012832609 -0.0012791976    267.10344 
 5068000 0.0010848109 -0.0011467362    268.65271 
 5069000  0.001212031 -0.0012350727     275.4111 
 5070000 0.0011437299 -0.0011470716    276.98093 
 5071000 0.0011117939 -0.0011251218    269.98888 
 5072000 0.0011491588 -0.0012184145    267.41251 
 5073000 0.0012469855 -0.0012784894    271.98869 
 5074000 0.0014059455 -0.0014244971    272.82869 
 5075000 0.0012577057 -0.0012560517    271.41698 
 5076000 0.0012823339 -0.0013017933    268.05997 
 5077000 0.0012440756 -0.0012563748      271.109 
 5078000 0.0014361432 -0.0014274402    276.01508 
 5079000 0.0013008908 -0.0013013541    268.37882 
 5080000  0.001546794 -0.001536857    267.47211 
 5081000 0.0016302953 -0.0016314161    265.39481 
 5082000 0.0016754854 -0.001700632    271.23796 
 5083000 0.0015629938 -0.0015506912    270.03463 
 5084000 0.0015993986 -0.0016014064     268.3216 
 5085000  0.001465859 -0.0014637252    271.27703 
 5086000 0.0016900408 -0.001703711      270.938 
 5087000 0.0016295377 -0.0016487754    266.13069 
 5088000 0.0016378473 -0.0016914854    267.48511 
 5089000 0.0019599796 -0.0019675575    263.52793 
 5090000 0.0017218702 -0.0017413263    271.84589 
 5091000 0.0015839121 -0.0016060335    270.94062 
 5092000 0.0016408793 -0.001676499    269.85456 
 5093000 0.0017929113 -0.0018127028    271.86464 
 5094000 0.0016037251 -0.0016529914    270.08221 
 5095000 0.0015962768 -0.0015899785    269.63735 
 5096000 0.0018305064 -0.0018603294     270.3459 
 5097000 0.0018650391 -0.0018924549    273.20072 
 5098000 0.0018104647 -0.0018433307    268.21955 
 5099000 0.0016871656 -0.0017060383    271.48234 
 5100000 0.0015888389 -0.0016021935     269.6279 
 5101000 0.0014801372 -0.0015231588    268.50623 
 5102000 0.0016670621 -0.0016698456    274.02505 
 5103000 0.0015580392 -0.0016073627    267.85602 
 5104000 0.0014713828 -0.0015276692    275.54976 
 5105000 0.0015986124 -0.001606494    272.55602 
 5106000 0.0015945165 -0.001604721    269.42045 
 5107000 0.0016968299 -0.0017218822    265.88676 
 5108000 0.0016136792 -0.0016270829    269.12258 
 5109000 0.0014862396 -0.0014916941    267.36638 
 5110000 0.0012784765 -0.0013134354    275.44383 
 5111000 0.0016278589 -0.0016618178    267.52127 
 5112000 0.0016594093 -0.0017226821     272.0231 
 5113000 0.0016903009 -0.0017303077    269.63891 
 5114000 0.0016965534 -0.0017403322    270.58415 
 5115000 0.0017521524 -0.0017750951    270.18026 
 5116000 0.0016666514 -0.001665934    272.08121 
 5117000 0.0016364585 -0.0016723088    270.31722 
 5118000 0.0015540265 -0.0016103845    268.43047 
 5119000   0.00148695 -0.0015364678    277.83069 
 5120000 0.0014217539 -0.0014468203    270.79797 
 5121000 0.0014144861 -0.0014181206    267.22244 
 5122000 0.0014064005 -0.0013979832    273.40938 
 5123000 0.0012602068 -0.0012672014    269.06666 
 5124000 0.0015033337 -0.0015420126    281.90304 
 5125000 0.0013212353 -0.0013491721    269.33343 
 5126000 0.0013477915 -0.0013597568    272.06932 
 5127000 0.0016553551 -0.0016926495    267.01779 
 5128000  0.001572599 -0.0016231592    272.17379 
 5129000 0.0017565807 -0.0017510308    270.34298 
 5130000 0.0018069611 -0.0018431838    273.69134 
 5131000  0.001824663 -0.0018542667    264.32555 
 5132000 0.0018735736 -0.0018921684    274.42668 
 5133000 0.0018722344 -0.0019185206    269.35329 
 5134000 0.0018774433 -0.0019413101    271.80513 
 5135000 0.0017539037 -0.0017376806    273.40675 
 5136000 0.0017942592 -0.0017709771    270.70877 
 5137000 0.0016743009 -0.0017244817    272.68189 
 5138000 0.0017358523 -0.001722748    268.00525 
 5139000 0.0019033838 -0.0018891141    270.65721 
 5140000 0.0017979953 -0.0018288692    276.79203 
 5141000 0.0019267846 -0.0019678043    269.24293 
 5142000 0.0018604988 -0.0018648455    267.78846 
 5143000 0.0018819764 -0.0018978269    271.56292 
 5144000 0.0020220715 -0.0020465218    273.48685 
 5145000 0.0020116268 -0.0019823926    269.50421 
 5146000 0.0018150253 -0.0018152245    267.29325 
 5147000 0.0019619938 -0.001929642    272.37731 
 5148000 0.0016734817 -0.0016808643    266.63939 
 5149000 0.0017359191 -0.0017876288    272.09901 
 5150000 0.0017074654 -0.0017293947    275.31768 
 5151000 0.0017700181 -0.0017883168    270.82024 
 5152000 0.0017919213 -0.0018029375    270.55991 
 5153000 0.0017039724 -0.0017399561    271.19809 
 5154000 0.0018107719 -0.0018273483    269.71381 
 5155000  0.001687919 -0.0017167318    272.91104 
 5156000 0.0015745946 -0.0016136128    268.03961 
 5157000 0.0017469662 -0.001758659    268.29532 
 5158000 0.0017123591 -0.0017454294    272.37116 
 5159000 0.0018637727 -0.001911891    272.00763 
 5160000 0.0018754136 -0.0018891861    274.23597 
 5161000 0.0020144606 -0.0019866579    269.31349 
 5162000 0.0020336787 -0.0020586761    269.67582 
 5163000 0.0017256862 -0.0017638733    269.66354 
 5164000 0.0019232783 -0.0019338973    267.79554 
 5165000 0.0020248107 -0.0020489057    269.35273 
 5166000 0.0022181356 -0.002260338    275.31334 
 5167000 0.0020910792 -0.0021177702     268.9109 
 5168000 0.0019883419 -0.0020024796    266.05072 
 5169000 0.0019317026 -0.0019526985    273.89167 
 5170000 0.0021895421 -0.0022203653    266.10932 
 5171000 0.0021381528 -0.0021696407    272.03239 
 5172000 0.0021447646 -0.0021562275     263.9799 
 5173000 0.0019683353 -0.0020378895    271.86224 
 5174000 0.0018723285 -0.0019134877    273.87518 
 5175000  0.001995952 -0.0019948279    270.00947 
 5176000 0.0021001421 -0.0021226492     270.2886 
 5177000 0.0019238947 -0.0019882778    274.23384 
 5178000 0.0020541939 -0.0021230424    270.37184 
 5179000 0.0018997251 -0.0019506647    273.71085 
 5180000 0.0021078786 -0.0021593636    271.49791 
 5181000 0.0020519286 -0.0021063387    268.77163 
 5182000 0.0019823748 -0.002029673    268.59463 
 5183000 0.0019581606 -0.0019828676    272.62683 
 5184000 0.0018650037 -0.0019059482    273.55613 
 5185000 0.0018870569 -0.0019206338    273.77196 
 5186000 0.0018660027 -0.0019078725    276.12838 
 5187000  0.002029792 -0.0020081973    273.15902 
 5188000 0.0017544476 -0.0017704976     268.9682 
 5189000 0.0015073088 -0.0015607124    275.42531 
 5190000 0.0016852711 -0.0017561383    269.31747 
 5191000 0.0018199017 -0.001882201    275.56004 
 5192000 0.0017741813 -0.0018067334    269.09133 
 5193000  0.001691816 -0.001746058    275.80279 
 5194000 0.0017367066 -0.0017678986    270.94181 
 5195000 0.0016447366 -0.0017071697    269.05456 
 5196000 0.0015320877 -0.0015579199    268.52354 
 5197000 0.0016683762 -0.0017262382    272.70838 
 5198000 0.0015582405 -0.0015822884    275.56582 
 5199000 0.0017126494 -0.0017726617    275.33556 
 5200000 0.0014689065 -0.0015545229    267.49957 
 5201000 0.0015608203 -0.001603006    273.38145 
 5202000  0.001481195 -0.0015237818    268.13803 
 5203000  0.001688537 -0.001734155    267.76642 
 5204000 0.0015909627 -0.0016292936    272.84068 
 5205000 0.0017478959 -0.0018261172    274.84147 
 5206000  0.001921113 -0.0019595207    266.85581 
 5207000 0.0018161703 -0.0018628374    271.48905 
 5208000 0.0018335102 -0.0018636577    267.70511 
 5209000 0.0017962415 -0.0018439544    272.66514 
 5210000 0.0019237877 -0.0020168692    276.33825 
 5211000 0.0018008294 -0.0018576569    268.75787 
 5212000 0.0016344154 -0.0016909766    270.54564 
 5213000 0.0016601041 -0.0017102364    267.37886 
 5214000 0.0015746631 -0.0016401767    266.28859 
 5215000 0.0014785521 -0.0015249549    271.62796 
 5216000 0.0014266969 -0.0014760084    271.94414 
 5217000 0.0015962332 -0.0016370105    268.50087 
 5218000 0.0017409651 -0.0017949751    268.06813 
 5219000 0.0018156793 -0.0018594263    271.70413 
 5220000 0.0018330168 -0.001886116    271.21322 
 5221000 0.0018249096 -0.0018957417     272.8249 
 5222000 0.0014361911 -0.0014785451      268.902 
 5223000 0.0016121688 -0.0016737753    274.98239 
 5224000 0.0016097878 -0.0016663706    270.26507 
 5225000 0.0014230759 -0.0014822962    274.19657 
 5226000 0.0018177479 -0.0018881716    267.79656 
 5227000 0.0017560187 -0.0017967734    269.71178 
 5228000  0.001832675 -0.001892066    270.50896 
 5229000 0.0016686306 -0.0017363081    275.24915 
 5230000 0.0017422707 -0.0017853252    272.62392 
 5231000 0.0015497856 -0.0015935673    274.60971 
 5232000 0.0016904951 -0.0017446813    269.70574 
 5233000  0.001670082  -0.00170006    268.27306 
 5234000 0.0016153483 -0.0016826468    267.40555 
 5235000 0.0015492538 -0.0016089908    273.05772 
 5236000 0.0016473401 -0.001684925    272.75489 
 5237000 0.0013831468 -0.0014342252    275.23797 
 5238000 0.0016219663 -0.0016613879    268.41507 
 5239000 0.0016933059 -0.0017202996    268.92415 
 5240000 0.0016593205 -0.001669579    269.44103 
 5241000 0.0018689537 -0.0019117241    271.14927 
 5242000 0.0019355642 -0.001971453    274.85263 
 5243000 0.0019369612 -0.0019422291      268.172 
 5244000 0.0019168857 -0.0019544679    271.36358 
 5245000 0.0017544896 -0.001795787    270.56364 
 5246000 0.0017621473 -0.0017703121    272.08946 
 5247000 0.0017316516 -0.0017385771    275.04462 
 5248000 0.0017469597 -0.0017816845    271.79052 
 5249000 0.0018133212 -0.0018587425    265.53805 
 5250000 0.0017374672 -0.0017801086    267.61811 
 5251000 0.0017749982 -0.001812208    267.32344 
 5252000 0.0018407449 -0.0019079115    275.29248 
 5253000 0.0018806222 -0.0018880008     268.9649 
 5254000 0.0016989906 -0.0017294141    268.29267 
 5255000 0.0017243423 -0.0017772587      272.726 
 5256000 0.0016592239 -0.0016993949    271.37889 
 5257000  0.001727283 -0.0017622584    273.40046 
 5258000   0.00180612 -0.0018191509    268.49522 
 5259000 0.0017973005 -0.0018247372    266.05795 
 5260000 0.0017833618  -0.00181055    270.81479 
 5261000 0.0018238399 -0.0018588976    273.60405 
 5262000 0.0018276746 -0.0018664576    273.30454 
 5263000 0.0020109262 -0.0020468571    269.55624 
 5264000 0.0019120607 -0.0019421676     274.3388 
 5265000 0.0019388551 -0.0019736482    274.93357 
 5266000 0.0020440422 -0.0020905706    274.97802 
 5267000 0.0020645351 -0.0021075903     269.6065 
 5268000 0.0019429087 -0.0019562365    270.31102 
 5269000 0.0020060425 -0.0020419667    265.51772 
 5270000 0.0019833826 -0.0019956486    269.46315 
 5271000 0.0020746568 -0.0021219024     272.4455 
 5272000 0.0020443119 -0.0020497855     271.4844 
 5273000 0.0020982272 -0.002110538    271.59159 
 5274000 0.0018932236 -0.0019077058    271.57703 
 5275000 0.0019310289 -0.0019631426    275.07522 
 5276000 0.0019106289 -0.0019355533    265.86493 
 5277000 0.0018629153 -0.0018999415      271.533 
 5278000 0.0017458202 -0.0017911257    270.48613 
 5279000 0.0018453543 -0.0018676142    269.20148 
 5280000 0.0016035385 -0.0016313362    268.96406 
 5281000 0.0017694402 -0.0018196046    274.23458 
 5282000 0.0016240708 -0.0016332328    267.55642 
 5283000 0.0018365755 -0.0018602743    272.71366 
 5284000 0.0017162435 -0.0017470362    273.20944 
 5285000 0.0017595992 -0.0017914966    272.36837 
 5286000 0.0018604916 -0.0018600634    271.46034 
 5287000 0.0018830384 -0.0019106346    269.48585 
 5288000 0.0020087095 -0.0020308232      270.316 
 5289000 0.0019250171 -0.0019388997    277.79711 
 5290000 0.0019334128 -0.001965025    267.95444 
 5291000 0.0018402286 -0.0018671644    273.34891 
 5292000 0.0017761311 -0.0018213771    273.97834 
 5293000 0.0018495901 -0.0018573369    275.60105 
 5294000 0.0019400667 -0.0020170451    269.40112 
 5295000 0.0018480431 -0.001877036    271.71519 
 5296000 0.0018742231 -0.0019240116    272.20093 
 5297000 0.0018126105 -0.0018213002    271.16871 
 5298000 0.0018154518 -0.0018417542    274.47836 
 5299000 0.0018406244 -0.0018529993    268.79919 
 5300000 0.0018775373 -0.0019344202    268.81843 
 5301000 0.0018046368 -0.0018330804    271.27499 
 5302000 0.0021214842 -0.0021920513    272.59327 
 5303000 0.0020292911 -0.0020454746    274.69921 
 5304000 0.0019337797 -0.0019699013    267.52565 
 5305000 0.0019425841 -0.0020107906    275.24896 
 5306000 0.0019409611 -0.0019771753    270.94169 
 5307000 0.0019724468 -0.0020133582    267.17326 
 5308000  0.001891181 -0.0019025312    265.24256 
 5309000 0.0019208341 -0.0019620587    273.22963 
 5310000 0.0020128436 -0.0020489199    274.46898 
 5311000 0.0019063745 -0.0019197277    269.39828 
 5312000 0.0018060644 -0.0018710829    269.97283 
 5313000 0.0019293273 -0.0019606461    270.42659 
 5314000 0.0018669789 -0.0019205789    270.56243 
 5315000 0.0020193543 -0.0020623229    272.51156 
 5316000 0.0019762017 -0.0020499959    269.73326 
 5317000 0.0020390335 -0.0021024997     271.0038 
 5318000 0.0019086739 -0.0019515977    272.03719 
 5319000 0.0020393325 -0.0020448137    271.98074 
 5320000 0.0018774184 -0.0018967455    269.84427 
 5321000 0.0019351638 -0.0019521398    270.70107 
 5322000  0.001856947 -0.0018728364    271.13508 
 5323000 0.0019327245 -0.0019374955    269.58867 
 5324000  0.001852347 -0.0018990647    272.91924 
 5325000  0.001978396 -0.0020033577    271.56414 
 5326000 0.0020079196 -0.0020357439    269.21714 
 5327000 0.0017389219 -0.0017938046    270.24321 
 5328000 0.0017786126 -0.0018736379    269.46767 
 5329000 0.0019483176 -0.0020637053    270.18743 
 5330000 0.0017878609 -0.0018560994    273.06948 
 5331000 0.0018323296 -0.0018772558    271.13516 
 5332000 0.0018432848 -0.0018758991    269.41506 
 5333000 0.0018645079 -0.0018820811     266.3936 
 5334000 0.0016987229 -0.0017347076    274.15687 
 5335000  0.001708821 -0.0017482196    267.29876 
 5336000  0.001756765 -0.0017917191    267.95682 
 5337000 0.0018866671 -0.0019434125    274.45358 
 5338000 0.0018568141 -0.0019004643     267.7065 
 5339000 0.0018110061 -0.001816378    273.75682 
 5340000 0.0018549214 -0.0018903753     272.1262 
 5341000 0.0017412359 -0.0017670982    268.64832 
 5342000 0.0018075997 -0.0018364029    270.10316 
 5343000   0.00196016 -0.0020134636    271.77454 
 5344000 0.0017977042 -0.0018104906    272.61541 
 5345000 0.0019966449 -0.0020177815     276.1345 
 5346000 0.0019423541 -0.0019685085    272.68375 
 5347000 0.0019764046 -0.0020407746     264.6696 
 5348000 0.0019271534 -0.0019986039    271.91335 
 5349000 0.0017529147 -0.0017817602    268.81861 
 5350000 0.0018514037 -0.0018998976     268.3934 
 5351000 0.0020910926 -0.0021414117    266.40559 
 5352000 0.0019598763 -0.0020243327    275.09546 
 5353000 0.0019222959 -0.0019679474    269.14219 
 5354000 0.0017425038 -0.0018100257    273.47474 
 5355000 0.0019062427 -0.0019310021    272.67775 
 5356000 0.0018025489 -0.0018379041    274.37269 
 5357000  0.001910975 -0.0019615855    269.54603 
 5358000  0.001908676 -0.0019771822    275.10642 
 5359000 0.0019110983 -0.0019350804    271.23334 
 5360000 0.0019770554 -0.0020042784    267.26741 
 5361000 0.0018035608 -0.0018323301    272.33037 
 5362000 0.0020541071 -0.0020736279    269.96872 
 5363000 0.0020398026 -0.0020810977    272.27534 
 5364000 0.0018651589 -0.0019311195     271.7813 
 5365000 0.0018341769 -0.0018878458    269.82393 
 5366000 0.0016979518 -0.0017181334    270.10976 
 5367000 0.0015525595 -0.0016065902    271.74064 
 5368000 0.0016865745 -0.0017093319    275.65434 
 5369000  0.001791752 -0.0017934195    273.05066 
 5370000 0.0016943663 -0.001730129    266.67279 
 5371000 0.0017842589 -0.0017906497    271.27763 
 5372000 0.0016594353  -0.00168458    274.63939 
 5373000 0.0015826357 -0.0016366212    274.08619 
 5374000 0.0017495678 -0.0017473961     269.0488 
 5375000 0.0017002912 -0.0017437207    269.10706 
 5376000 0.0017394251 -0.0017723388     277.1902 
 5377000 0.0020095152 -0.0020426759    267.87561 
 5378000 0.0017513775 -0.0017615169    270.63515 
 5379000 0.0019597978 -0.0019709003    270.20226 
 5380000 0.0019310613 -0.0019866324    275.45228 
 5381000 0.0019598207 -0.0019890574    271.84932 
 5382000 0.0020566094 -0.0020667806    269.57178 
 5383000 0.0019347522 -0.0019541386    270.18907 
 5384000 0.0020015066 -0.0020390109    270.24507 
 5385000 0.0018517344 -0.0019003406    271.29068 
 5386000 0.0018747104 -0.0018822416    268.72489 
 5387000 0.0018788954 -0.0019059668    269.89699 
 5388000 0.0018779009 -0.0018981323    270.57734 
 5389000 0.0018497915 -0.0018584854    267.40567 
 5390000 0.0019496401 -0.0020007554    275.23496 
 5391000 0.0019130212 -0.001949739    268.40541 
 5392000 0.0019197668 -0.001956166    268.40349 
 5393000 0.0019249567 -0.0019342805    270.98242 
 5394000 0.0018002945 -0.0018411338    267.02131 
 5395000 0.0018755094 -0.0019357655    272.23014 
 5396000 0.0016528313 -0.0017167045    270.35984 
 5397000 0.0017201797 -0.0017918758    265.07912 
 5398000 0.0019263915 -0.0019730149     270.6872 
 5399000 0.0020258851 -0.0020685813    270.84472 
 5400000 0.0020057237 -0.0020469705    272.12233 
 5401000 0.0023046227 -0.0023654076    274.82796 
 5402000 0.0020921933 -0.002165199    268.50008 
 5403000 0.0020508201 -0.002086781    273.72201 
 5404000 0.0019970374 -0.0020203983     268.6838 
 5405000 0.0021380696 -0.0021383252    268.12284 
 5406000 0.0020527264 -0.0020880066    269.66062 
 5407000 0.0022204582 -0.002300811      272.943 
 5408000 0.0020622374 -0.0020650589    270.28596 
 5409000 0.0019387167 -0.0020128765    268.44133 
 5410000 0.0020797181 -0.0021515935    268.70982 
 5411000 0.0019975963 -0.0020722146    275.55861 
 5412000 0.0020310251 -0.0020725591      268.877 
 5413000 0.0018365229 -0.0018666033    266.18865 
 5414000 0.0017050891 -0.0017895217    273.87105 
 5415000 0.0018294081 -0.0018757391    272.90336 
 5416000 0.0018120239 -0.0018304769    267.64509 
 5417000 0.0018561407 -0.0018921843    268.04309 
 5418000 0.0017769374 -0.0018270664    269.97413 
 5419000 0.0020399823 -0.002072633    272.55859 
 5420000 0.0018399001 -0.0018880204    269.65374 
 5421000 0.0017996791 -0.001851369    271.60607 
 5422000 0.0017950618 -0.0018528071    266.43591 
 5423000 0.0018311599 -0.0018751541    272.54978 
 5424000 0.0019269573 -0.0019254038    274.90432 
 5425000 0.0016177055 -0.0016574405    271.59341 
 5426000 0.0017502689 -0.001775331    272.80458 
 5427000 0.0018427852 -0.001845017    272.05515 
 5428000  0.001851171 -0.0018767777     273.6237 
 5429000 0.0017864508 -0.0017856846    271.02194 
 5430000 0.0019013242 -0.0018701457    272.49135 
 5431000 0.0019797042 -0.0020110819    273.23627 
 5432000  0.002086301 -0.0021403593    267.90431 
 5433000 0.0020520456 -0.0020533928    270.79199 
 5434000 0.0019716279 -0.0020238975    274.48752 
 5435000 0.0018990561 -0.0019170905     271.1791 
 5436000 0.0020263519 -0.0020708916    268.54551 
 5437000 0.0017738137 -0.0017818757    270.43885 
 5438000 0.0019117509 -0.0019476913     268.3175 
 5439000 0.0020155206 -0.0020633963    270.70718 
 5440000 0.0018823261 -0.0019037045    265.23318 
 5441000 0.0019664114 -0.0020082319    275.08345 
 5442000 0.0018510415 -0.0019027631    267.31333 
 5443000 0.0018609707 -0.0018986966    272.54518 
 5444000 0.0018541778 -0.0019005127    269.81772 
 5445000 0.0019357867 -0.0019600235    270.23595 
 5446000 0.0020704919 -0.0020929248    271.73877 
 5447000 0.0018220263 -0.0018534353    274.20533 
 5448000 0.0020111083 -0.0020353167    270.83152 
 5449000 0.0017666826 -0.0018198353    268.85358 
 5450000 0.0019121479 -0.0019452622    276.18238 
 5451000 0.0018665519 -0.0019023964     267.0176 
 5452000 0.0017520841 -0.0018088665    272.95842 
 5453000  0.001928962 -0.0020143775    268.02285 
 5454000 0.0020618606 -0.0021105264    269.35371 
 5455000    0.0020386 -0.002114805    272.01078 
 5456000 0.0020279341 -0.0020902178    271.77505 
 5457000 0.0021473843 -0.0021884414    266.53194 
 5458000 0.0021825562 -0.0022139962    273.70457 
 5459000 0.0020482564 -0.0021200992     264.4924 
 5460000 0.0021742788 -0.0021997092    267.78289 
 5461000  0.002120856 -0.0021629242    271.39568 
 5462000 0.0021947796 -0.0022606138     270.8918 
 5463000 0.0023625031 -0.0023628258    270.39838 
 5464000 0.0022768892 -0.0022975326    269.24251 
 5465000 0.0022724313 -0.0023051414    272.00112 
 5466000  0.002193071 -0.0022189399    270.12902 
 5467000 0.0018727012 -0.0019053455    265.25174 
 5468000 0.0020317251 -0.002068611    270.38227 
 5469000 0.0022439483 -0.0023192238     272.4773 
 5470000  0.002247671 -0.0023114298    266.55897 
 5471000  0.002167032 -0.0022324002    269.49615 
 5472000 0.0020840911 -0.0021438423    272.52932 
 5473000 0.0020459643 -0.0021148514    273.06365 
 5474000 0.0017386393 -0.0017920176    270.63114 
 5475000 0.0021355696 -0.0021748889    273.53667 
 5476000 0.0019863891 -0.0020343206    266.53749 
 5477000 0.0018288975 -0.0018661236     275.5756 
 5478000 0.0021218434 -0.0021465158    273.83076 
 5479000 0.0019461991 -0.0020052622    268.76099 
 5480000 0.0019597107 -0.002019408    269.70166 
 5481000 0.0021009392 -0.002135117    271.58449 
 5482000 0.0020497771 -0.002062533    270.30102 
 5483000 0.0021029299 -0.0021593435    271.48791 
 5484000 0.0019837394 -0.0020097532    267.98857 
 5485000 0.0021884799 -0.0022067553     271.6973 
 5486000 0.0018680775 -0.0019180618    272.60413 
 5487000 0.0020664608 -0.0021068903    272.13385 
 5488000 0.0021792039 -0.0022152365    269.04958 
 5489000 0.0021108985 -0.0021737891    270.63748 
 5490000 0.0019743629 -0.0020378592    269.19567 
 5491000 0.0019597275 -0.0020036357    269.71112 
 5492000 0.0021627164 -0.0022113868    269.72357 
 5493000 0.0023400267 -0.0023816074    268.00174 
 5494000 0.0021223176 -0.002179302    273.96003 
 5495000 0.0022015569 -0.0022594264    266.94281 
 5496000 0.0023067543 -0.0023218855    272.60188 
 5497000 0.0021945483 -0.0022303333      272.902 
 5498000 0.0021764324 -0.0021914298    263.59604 
 5499000 0.0021786611 -0.002200811    266.32816 
 5500000 0.0023490423 -0.0023856843    271.87448 
 5501000 0.0021582219 -0.0021782621    275.52179 
 5502000 0.0023636172 -0.0023816885    269.37504 
 5503000 0.0022140264 -0.0022490149     276.8534 
 5504000 0.0021428081 -0.0021817174    266.01211 
 5505000 0.0020241499 -0.0020713529    272.13596 
 5506000 0.0021802298 -0.0022484738    269.02834 
 5507000 0.0022284655 -0.0023042134    268.40603 
 5508000 0.0022028692 -0.0022348322    272.09074 
 5509000 0.0022833743 -0.0023394476    273.53336 
 5510000 0.0021515091 -0.002190026     274.2584 
 5511000 0.0019720335 -0.0020523008    270.93556 
 5512000 0.0019991973 -0.0020085233    270.40921 
 5513000  0.002123684 -0.0021612578    272.66599 
 5514000 0.0018226225 -0.0018616623     269.7435 
 5515000 0.0019063659 -0.0019775846    265.50676 
 5516000 0.0018190074 -0.0019014484    273.27309 
 5517000  0.001894704 -0.0019533194    275.18803 
 5518000 0.0018901836 -0.001966121    277.33646 
 5519000 0.0017728327 -0.0018118988    264.55956 
 5520000 0.0018197366 -0.0018601802    276.07092 
 5521000 0.0018757307 -0.0019373922    277.12189 
 5522000 0.0019007178 -0.001977372    272.71444 
 5523000 0.0018643053 -0.001923659    273.50485 
 5524000 0.0019549282 -0.0019782072     266.3437 
 5525000 0.0019417119 -0.0019977222     273.1167 
 5526000 0.0020984162 -0.0021180561    272.58984 
 5527000 0.0020077323 -0.0020216977     263.8879 
 5528000 0.0019103125 -0.0019323459    272.62982 
 5529000 0.0021329434 -0.0021552373    268.43763 
 5530000 0.0019247223 -0.0019589302    271.59864 
 5531000 0.0020573213 -0.0020320245    266.64394 
 5532000 0.0018091749 -0.0018533216    268.68962 
 5533000 0.0018915819 -0.0019420995     272.1541 
 5534000 0.0018522777 -0.0018998838    269.56408 
 5535000 0.0019825401 -0.0020015873    271.01717 
 5536000 0.0018880425 -0.0019126169    274.80227 
 5537000 0.0019722786 -0.0020213487    275.08756 
 5538000 0.0019127444 -0.0019711893    274.27206 
 5539000 0.0019321109 -0.0019707352    268.71214 
 5540000 0.0019081411 -0.001970536    272.44923 
 5541000 0.0018100167 -0.0018472255    264.72057 
 5542000 0.0018991251 -0.0019149313    264.38035 
 5543000 0.0019718504 -0.0020112373    269.30369 
 5544000  0.001733721 -0.0017964857    273.14729 
 5545000 0.0019805876 -0.0020242262    274.58877 
 5546000  0.001843911 -0.001887128    266.72835 
 5547000 0.0018494779 -0.0019159402     274.3137 
 5548000 0.0019817293 -0.0020359453    275.42416 
 5549000   0.00198008 -0.0020575892    269.90696 
 5550000 0.0019741631 -0.0019930304    271.43551 
 5551000 0.0019783439 -0.0020330647    274.05229 
 5552000 0.0018129558 -0.0018440695    272.70654 
 5553000 0.0016381892 -0.0016880601    269.33164 
 5554000 0.0019256792 -0.0019471773    272.92118 
 5555000 0.0019100315 -0.001939842     270.9848 
 5556000 0.0017254409 -0.0017654401    275.43775 
 5557000 0.0019622929 -0.0020525518    269.74263 
 5558000  0.001732732 -0.0017733575    268.29342 
 5559000 0.0017146442 -0.0017294002    270.33329 
 5560000 0.0017386654 -0.0017921192    270.70492 
 5561000 0.0017667326 -0.0018306773    274.14215 
 5562000 0.0017614261 -0.0017948862    272.18592 
 5563000 0.0016547875 -0.0017518332     273.3983 
 5564000 0.0016271441 -0.0016730472    278.07759 
 5565000 0.0014984185 -0.0015284573    270.54779 
 5566000 0.0016072876 -0.0016415864    270.75077 
 5567000 0.0015178283 -0.0015715837    269.34927 
 5568000  0.001598185 -0.0016575965    266.08247 
 5569000 0.0017037229 -0.0016989077    270.52808 
 5570000 0.0017520919 -0.0018315991    267.51996 
 5571000 0.0016180305 -0.0016655008    266.42965 
 5572000 0.0017828658 -0.0018151389    274.82851 
 5573000 0.0017225966 -0.0017306375    271.28754 
 5574000 0.0016080718 -0.0016407042    272.87355 
 5575000 0.0016611803 -0.0016750144    273.83922 
 5576000 0.0018682016 -0.0018602992    265.71228 
 5577000 0.0016795244 -0.0016932902    268.57416 
 5578000 0.0015563408 -0.0016200642    270.28307 
 5579000 0.0013883662 -0.0014330483    275.06685 
 5580000 0.0014985081 -0.0015535533    268.63452 
 5581000 0.0016647016 -0.0016731907     277.6243 
 5582000 0.0015833928 -0.0016234992    266.49992 
 5583000 0.0017650818 -0.0017848837    268.77674 
 5584000 0.0017059407 -0.0017236594     269.3624 
 5585000 0.0014975702 -0.0014939548    269.27163 
 5586000 0.0015885281 -0.0015970313    268.06821 
 5587000 0.0015920448 -0.0016076362    273.22415 
 5588000 0.0016092746 -0.0016604898     274.1737 
 5589000 0.0019740692 -0.0020055516    273.80686 
 5590000 0.0017110137 -0.0017824042    272.37551 
 5591000 0.0016482855 -0.0016878953    267.36508 
 5592000 0.0015173271 -0.0015722262    274.50782 
 5593000  0.001588924 -0.0016307662    268.15556 
 5594000 0.0014399908 -0.0014664585    266.23709 
 5595000 0.0016388516 -0.0016583168    272.80812 
 5596000 0.0015175872 -0.001550325    266.66945 
 5597000 0.0013907351 -0.0014211885    269.27885 
 5598000 0.0015745116 -0.0015999656    273.83316 
 5599000 0.0015867941 -0.0016502443    267.81343 
 5600000 0.0017085533 -0.0017390798    274.31909 
 5601000 0.0017898588 -0.0018382153    273.18318 
 5602000 0.0017130964 -0.0017333374     266.5551 
 5603000 0.0017487786 -0.0017509854     268.9804 
 5604000 0.0017686602 -0.0017334962    270.39032 
 5605000 0.0017648902 -0.0017949087    269.67675 
 5606000 0.0016428547 -0.0016819873    266.48916 
 5607000 0.0014606232 -0.0015109202    270.30152 
 5608000 0.0016211235 -0.0016365526    266.61643 
 5609000 0.0016162058 -0.0016325019    268.44984 
 5610000 0.0019034115 -0.0019396553    271.00102 
 5611000 0.0018719993 -0.0019324653    265.97327 
 5612000 0.0017252212 -0.0017310103    271.81024 
 5613000 0.0015753224 -0.0016203794    271.36919 
 5614000 0.0017471259 -0.0017879677    269.22112 
 5615000 0.0016824508 -0.0016942955    269.06724 
 5616000 0.0018584252 -0.0018687741    274.68355 
 5617000 0.0019013903 -0.0019342634    270.01644 
 5618000 0.0017548421 -0.0017877986    272.13859 
 5619000 0.0017279058 -0.0017516035    275.02044 
 5620000 0.0017989303 -0.0018058394    271.06896 
 5621000 0.0017690157 -0.0018079569    272.71372 
 5622000 0.0018766402 -0.0019010855    279.17326 
 5623000   0.00172907 -0.0017494367    271.25588 
 5624000 0.0018778608 -0.001871716    267.67725 
 5625000 0.0017885585 -0.0018561356    268.11678 
 5626000 0.0017677314 -0.0018106306    273.53886 
 5627000 0.0018968315 -0.0019180804    275.66588 
 5628000 0.0018709434 -0.0019061448    276.33414 
 5629000 0.0016844366 -0.0017353954    271.56135 
 5630000 0.0017896234 -0.0018254473    272.31516 
 5631000 0.0017281885 -0.0017751395     272.6413 
 5632000 0.0017428013 -0.0017727724    271.74584 
 5633000 0.0017477019 -0.0017870837    273.49881 
 5634000 0.0018981387 -0.0019352486    270.15945 
 5635000  0.002188429 -0.0021711715    269.04473 
 5636000 0.0019463831 -0.0019747501     272.0975 
 5637000 0.0019953004 -0.0020445269    273.07673 
 5638000 0.0019022294 -0.0019356214    267.15866 
 5639000 0.0019412981 -0.0019600982     272.3652 
 5640000 0.0018779666 -0.0018901226    267.56399 
 5641000  0.002017349 -0.0020262815    271.31893 
 5642000 0.0020478669 -0.0020497034    273.11003 
 5643000 0.0021024118 -0.0020987549    266.76973 
 5644000 0.0023186745 -0.0023492564    266.25664 
 5645000 0.0020114876 -0.0020352243    272.94274 
 5646000 0.0020101688 -0.0020282275    273.35355 
 5647000 0.0020193385 -0.0020524051    274.92849 
 5648000 0.0022304313 -0.0022615242    269.82349 
 5649000 0.0021255924 -0.0021381863    268.86184 
 5650000 0.0022686848 -0.0022844703    267.35811 
 5651000 0.0021616012 -0.0021563114     272.3593 
 5652000 0.0022484999 -0.0022865596    273.34567 
 5653000 0.0021371527 -0.0021552759    268.46703 
 5654000  0.002154219 -0.0021682738    269.93383 
 5655000 0.0021743474 -0.0021610725    268.07625 
 5656000 0.0021335924 -0.0021530213    268.67801 
 5657000 0.0020416633 -0.0020560239    271.13304 
 5658000 0.0021329337 -0.0021229646    272.78677 
 5659000 0.0021028934 -0.0021455598     275.0647 
 5660000 0.0020652546 -0.0021015108     271.3219 
 5661000 0.0020410947 -0.0020700824    268.83467 
 5662000 0.0021731478 -0.0021827734    265.80015 
 5663000 0.0020732542 -0.0020364104    271.94143 
 5664000 0.0021330943 -0.0021711027     275.5597 
 5665000 0.0020225005 -0.0020369279    269.43529 
 5666000 0.0021511375 -0.0021494158     271.9988 
 5667000 0.0020050774 -0.002005391    270.37093 
 5668000 0.0021063327 -0.0021034637    273.48346 
 5669000 0.0021084124 -0.0020931433    270.75948 
 5670000 0.0021035409 -0.0020709939      267.077 
 5671000 0.0020827056 -0.002093174     272.7451 
 5672000 0.0021495727 -0.0022049698    274.79058 
 5673000 0.0020941434 -0.0021289547    271.13618 
 5674000 0.0019974908 -0.0020300081    271.94759 
 5675000 0.0019912807 -0.0020044538    263.66044 
 5676000 0.0022128714 -0.0022502773    273.06382 
 5677000 0.0022118279 -0.0021748564    274.71879 
 5678000 0.0021569359 -0.0021669379    271.92593 
 5679000  0.002314873 -0.0023475331    272.44932 
 5680000 0.0023275347 -0.0023599116     268.4558 
 5681000 0.0026921074 -0.0026776968    274.25053 
 5682000 0.0023978943 -0.0024272159       271.05 
 5683000 0.0023133624 -0.0023541818    269.69208 
 5684000 0.0023023377 -0.0023285149    275.64673 
 5685000 0.0024033543 -0.0024336781    272.99418 
 5686000 0.0023866294 -0.0023693962    269.89751 
 5687000 0.0023900252  -0.00240871      266.673 
 5688000 0.0020650418 -0.0020648135    268.17359 
 5689000 0.0020037071 -0.002031443    269.55626 
 5690000 0.0020797693 -0.0021292123    274.61818 
 5691000 0.0021028098 -0.0021578607    267.29466 
 5692000 0.0020630092 -0.0020849324    271.22028 
 5693000 0.0023035991 -0.0023444241    269.72039 
 5694000 0.0022128334 -0.0022125103    270.76546 
 5695000 0.0022629398 -0.0023216844    279.48964 
 5696000 0.0019416295 -0.0019843593    273.28567 
 5697000 0.0021803656 -0.0021901972    276.54662 
 5698000 0.0022000603 -0.0022710794    274.83386 
 5699000 0.0020524748 -0.0021234777    268.50291 
 5700000  0.002208821 -0.0022748003    272.18777 
 5701000 0.0022798169 -0.0023049133    277.07588 
 5702000 0.0021558996 -0.0021996177    268.64315 
 5703000 0.0020981556 -0.0021243328    269.67982 
 5704000 0.0021397804 -0.0021586644    271.09002 
 5705000 0.0020036343 -0.002063501    267.27389 
 5706000 0.0018852739 -0.0019100752    274.32753 
 5707000 0.0020568334 -0.0020982242    273.16814 
 5708000 0.0020552445 -0.0020613084    275.75333 
 5709000 0.0019901953 -0.0020556533    270.87098 
 5710000 0.0020793815 -0.0020810314    273.63893 
 5711000  0.002024255 -0.0020302158    273.67501 
 5712000 0.0022914552 -0.0023198032    271.01943 
 5713000 0.0022644982 -0.002299982    263.61466 
 5714000 0.0022732293 -0.0023001356    272.46377 
 5715000 0.0022578012 -0.0022790589    270.77408 
 5716000 0.0023067304 -0.0023565113    266.93089 
 5717000 0.0022779449 -0.0022978023    270.00183 
 5718000 0.0020904839 -0.0021300642    271.13132 
 5719000 0.0020717485 -0.0020907408    274.70007 
 5720000 0.0018926305 -0.0019032295    275.47338 
 5721000 0.0018741782 -0.0019053308    268.07798 
 5722000 0.0019806747 -0.0020014349    272.78665 
 5723000 0.0019462167 -0.001971483    269.46056 
 5724000 0.0020751346 -0.0021420267    269.89085 
 5725000 0.0020502408 -0.0020478472    270.59228 
 5726000 0.0020727212 -0.0021146251    268.44841 
 5727000 0.0020140425 -0.0020481933    273.57537 
 5728000  0.001761836 -0.0017657706    272.48044 
 5729000 0.0018524614 -0.0018784947    272.22577 
 5730000  0.002047484 -0.0020672862    265.79036 
 5731000  0.002004514 -0.0020346884    272.42191 
 5732000 0.0021372056 -0.002154328    269.26593 
 5733000 0.0021983377 -0.0022087512    274.32449 
 5734000 0.0020038856 -0.0020712476    273.23597 
 5735000 0.0018731941 -0.0019023386    270.96648 
 5736000 0.0019999878 -0.0020308626    268.64145 
 5737000 0.0020377105 -0.0020785271    270.56562 
 5738000 0.0020943487 -0.0021543439    273.13943 
 5739000 0.0020230122 -0.0020690034    269.94357 
 5740000 0.0023767153 -0.0023472365    272.73248 
 5741000 0.0021853698 -0.002196735    269.79039 
 5742000 0.0022988265 -0.0023241149    268.95718 
 5743000 0.0024202664 -0.0024415303    279.37712 
 5744000 0.0022077669 -0.0022337266    267.37554 
 5745000 0.0021142529 -0.0021300399    270.72197 
 5746000 0.0021547351 -0.002149088    272.33119 
 5747000 0.0019919575 -0.0019950856    268.07027 
 5748000 0.0020361579 -0.0020289489    271.82115 
 5749000 0.0019877033 -0.0019743041    271.59106 
 5750000 0.0020739472 -0.0021218439    271.07239 
 5751000 0.0021986721 -0.002193451    269.97894 
 5752000   0.00211323 -0.002134793    270.36838 
 5753000 0.0021385158 -0.0021461042    273.29308 
 5754000 0.0022096757 -0.0022216088    270.74334 
 5755000 0.0020815096 -0.0020845893    263.89038 
 5756000  0.002132531 -0.0021423702    275.34613 
 5757000  0.002238849 -0.0022465421    270.10577 
 5758000 0.0021567994 -0.0021638194    271.56541 
 5759000 0.0021804517 -0.0022286446    275.53572 
 5760000 0.0022436399 -0.0022707299    271.40122 
 5761000 0.0022988133 -0.0023113552     267.9658 
 5762000 0.0023465289 -0.0023255086    272.19977 
 5763000 0.0024119047 -0.0024259114    267.92078 
 5764000 0.0022547863 -0.0022908275    270.86393 
 5765000 0.0022946335 -0.0023222141    272.10668 
 5766000  0.002324622 -0.0023361962    269.85682 
 5767000 0.0024208696  -0.00245411    269.91601 
 5768000 0.0022753424 -0.0023357921    273.06125 
 5769000 0.0020530084 -0.0020976048    271.12162 
 5770000 0.0022996824 -0.0023348029    273.67684 
 5771000 0.0021094591 -0.0021211865     270.4422 
 5772000 0.0022375346 -0.0022832518    265.67708 
 5773000 0.0022113958 -0.0022179294     273.6092 
 5774000 0.0021400104 -0.0021555053    278.92505 
 5775000 0.0020700112 -0.0020951332    270.86277 
 5776000 0.0018707621 -0.0018850808    272.26066 
 5777000 0.0019527743 -0.002000184    275.88087 
 5778000 0.0020894562 -0.0021067305    265.99181 
 5779000 0.0022444988 -0.0022602994    273.26732 
 5780000 0.0020664581 -0.002118588    271.02448 
 5781000 0.0019685121 -0.0019999817    269.40418 
 5782000 0.0019925864 -0.0020529669     270.6324 
 5783000 0.0022885007 -0.0023036774    270.13226 
 5784000 0.0020853902 -0.0020885291     269.0117 
 5785000 0.0022314952 -0.0022418728    273.90266 
 5786000 0.0020876686 -0.0021251034    271.26264 
 5787000 0.0021058983 -0.0021640089    271.06637 
 5788000  0.002110852 -0.0021544967    274.93289 
 5789000 0.0020234448 -0.0020283665    268.94323 
 5790000 0.0020366011 -0.0020798562    271.86655 
 5791000  0.002147826 -0.0021659684    266.15069 
 5792000 0.0020256205 -0.0020650791    273.95328 
 5793000 0.0021744554 -0.0022057823    272.60357 
 5794000 0.0020902799 -0.0020967991    275.28026 
 5795000 0.0021621894 -0.0022282091     267.8887 
 5796000 0.0021436367 -0.0021806626    275.17577 
 5797000 0.0020783409 -0.0021434505    266.45147 
 5798000 0.0021642011 -0.0021974352    269.26161 
 5799000 0.0021735301 -0.0021931221    267.26615 
 5800000 0.0019436116 -0.0019878967    270.31499 
 5801000  0.002190979 -0.0021951663    264.86524 
 5802000 0.0020757414 -0.0021105697    271.92948 
 5803000 0.0021340564 -0.0021728531    270.20056 
 5804000 0.0022645606 -0.0022823115    269.54762 
 5805000 0.0022276771 -0.0022320994    271.19675 
 5806000 0.0023556185 -0.0023607582    275.49227 
 5807000 0.0021299391 -0.0021719519    267.84737 
 5808000 0.0021897352 -0.0022400505    274.34505 
 5809000 0.0022673218 -0.0023420036    273.18557 
 5810000 0.0022089878 -0.0022497124    265.62616 
 5811000 0.0021730007 -0.0021873543    272.21242 
 5812000 0.0020477163 -0.0020781316    269.94973 
 5813000   0.00209483 -0.0021086827    268.62656 
 5814000 0.0020566905 -0.0021197929    269.85432 
 5815000 0.0022491007 -0.0023000291    276.01661 
 5816000 0.0020707548 -0.0021071842    267.32846 
 5817000 0.0020512887 -0.0020543585    272.71538 
 5818000  0.002271502 -0.0023024442    269.90765 
 5819000 0.0020370627 -0.0020625009    266.41216 
 5820000 0.0021660781 -0.002210954    269.66524 
 5821000  0.002214912 -0.002254234    271.47968 
 5822000 0.0022631385 -0.0022385859    268.73781 
 5823000 0.0021291126 -0.0021205445    269.85864 
 5824000 0.0020724499 -0.0020670459    273.70147 
 5825000  0.002084062 -0.0021161724    268.00628 
 5826000 0.0021001542 -0.0021572417    270.33136 
 5827000 0.0021641604 -0.0021786631    265.22822 
 5828000 0.0023180464 -0.0023499888    273.22316 
 5829000 0.0022633186 -0.0022859761    271.41987 
 5830000 0.0021697677 -0.0022024007    273.00727 
 5831000 0.0022540719 -0.0022750021    267.61052 
 5832000 0.0023282699 -0.0023184984    269.43015 
 5833000 0.0022085053 -0.0022347306     269.2873 
 5834000 0.0022170189 -0.0022551106    272.28802 
 5835000 0.0022995361 -0.0023143242    271.93534 
 5836000 0.0023334149 -0.0023225567     270.5563 
 5837000 0.0021370517 -0.0021632435    276.09531 
 5838000 0.0022538987 -0.0022583118     271.2527 
 5839000 0.0022082071 -0.0022472554    269.11168 
 5840000 0.0023219836 -0.0023291834      272.132 
 5841000 0.0021327005 -0.0021610503    270.76747 
 5842000 0.0021423422 -0.0021539351    268.05704 
 5843000 0.0022291353 -0.0022513798    274.10516 
 5844000 0.0021649709 -0.0021643782    271.47911 
 5845000 0.0022284811 -0.0022504374    268.07038 
 5846000 0.0020968654 -0.0021334304    271.20828 
 5847000 0.0020968996 -0.0021353399    269.95781 
 5848000  0.002227371 -0.0022429663    274.88197 
 5849000 0.0020564693 -0.0021122762    273.44358 
 5850000 0.0020734545 -0.0020605181    272.74035 
 5851000 0.0022204408 -0.0022776567     266.9531 
 5852000 0.0021881465 -0.0022639039    266.12934 
 5853000 0.0020735043 -0.0020742084    273.02331 
 5854000 0.0021043991 -0.0021537353    273.12318 
 5855000 0.0020579092 -0.0021068727     270.4939 
 5856000 0.0021586022 -0.0021765443    272.78815 
 5857000  0.002181656 -0.0022281838    273.65601 
 5858000 0.0022941216 -0.0023253662    272.09668 
 5859000 0.0021604449 -0.0021993067    275.68637 
 5860000 0.0020762349 -0.0020942476    274.60651 
 5861000 0.0022383474 -0.0022755833    270.33378 
 5862000 0.0023499329 -0.002374517    274.15179 
 5863000 0.0020452285 -0.0021118997    275.38076 
 5864000 0.0020706255 -0.0021222169    269.63648 
 5865000 0.0020706353 -0.0020867869    274.11541 
 5866000 0.0020592859 -0.0020561546    270.06172 
 5867000 0.0023307167 -0.0023449917    269.62101 
 5868000 0.0022994971 -0.0023673441    271.21578 
 5869000 0.0024095763 -0.0024119959    271.43358 
 5870000 0.0022190061 -0.0022472814    272.33533 
 5871000 0.0022412614 -0.0022450583    271.07723 
 5872000 0.0021934072 -0.0022331708    273.76694 
 5873000  0.002263886 -0.0022779157    272.38882 
 5874000 0.0021067074 -0.0021584559    270.54383 
 5875000 0.0019501288 -0.001990033    273.04014 
 5876000 0.0021853736 -0.0022478969    269.66866 
 5877000 0.0021057319 -0.0021058822    269.16754 
 5878000 0.0020471448 -0.0020441063    270.66933 
 5879000 0.0019992706 -0.0020513376     274.1541 
 5880000 0.0023070921 -0.0023472915    266.17448 
 5881000 0.0022710052 -0.002275098    275.60137 
 5882000 0.0023141259 -0.0023661997    267.16254 
 5883000 0.0023628423 -0.0024060358    274.87062 
 5884000 0.0022532901 -0.0022765897    271.91437 
 5885000 0.0019735638 -0.0020280555    272.40114 
 5886000 0.0019592226 -0.0019741896    273.84403 
 5887000 0.0020125103 -0.0020541958    272.41051 
 5888000 0.0017854965 -0.0017896047    267.30745 
 5889000 0.0017282512 -0.0017694298    277.27059 
 5890000 0.0018352631 -0.0018276988    269.57827 
 5891000 0.0019332086 -0.0019463257    271.31483 
 5892000 0.0017587285 -0.0017986298      268.158 
 5893000 0.0016308402 -0.0016855283    270.22528 
 5894000 0.0018128419 -0.0018358639    270.65567 
 5895000 0.0017752266 -0.0017981691    273.43608 
 5896000 0.0017955599 -0.0018398716    269.62417 
 5897000 0.0017243892 -0.0017330768    268.77738 
 5898000 0.0018752436 -0.0018865801    271.72054 
 5899000 0.0018300443 -0.0018732393     272.7135 
 5900000 0.0019580662 -0.001996745    270.45523 
 5901000 0.0018748189 -0.0019393272    268.09908 
 5902000 0.0017210566 -0.0017417261    271.35674 
 5903000 0.0019137954 -0.0019149922    271.22645 
 5904000 0.0017136348 -0.0017400147    270.85188 
 5905000 0.0015575057 -0.0015687307    272.11232 
 5906000 0.0017839783 -0.0018048853    271.42931 
 5907000 0.0018898473 -0.001927211    263.24164 
 5908000  0.001894621 -0.0019046624    270.03125 
 5909000  0.001500281 -0.0015528844    270.69557 
 5910000 0.0015821112 -0.0016079897     265.8351 
 5911000 0.0016247178 -0.0016782613    270.43559 
 5912000 0.0016424796 -0.0016667596    271.61624 
 5913000 0.0018087448 -0.0018211647    271.22382 
 5914000 0.0015703758 -0.0015973659    265.93381 
 5915000 0.0018436472 -0.0019046886    274.06969 
 5916000 0.0019175692  -0.00197449    264.85182 
 5917000 0.0017647682 -0.0017578893    268.25888 
 5918000 0.0018833536 -0.0018880339    267.44668 
 5919000 0.0020114282 -0.0020297435    269.98827 
 5920000 0.0018759146 -0.0018883198    271.16485 
 5921000 0.0020307711 -0.0020592028    272.59051 
 5922000  0.001946636 -0.0019636985    272.78379 
 5923000 0.0019459429 -0.0019895478    273.79305 
 5924000 0.0020872008 -0.0021164451    270.64565 
 5925000 0.0018900283 -0.0019034302    270.34303 
 5926000 0.0021254999 -0.0021704964    266.59752 
 5927000 0.0018295944 -0.0018560757    268.24225 
 5928000 0.0018234723 -0.0018444654    268.29906 
 5929000 0.0018573161 -0.0018709817    268.43039 
 5930000 0.0017983568 -0.001840419    273.41911 
 5931000 0.0021075881 -0.0021336555    268.10927 
 5932000 0.0019700934 -0.001987827    266.54095 
 5933000  0.002169571 -0.0021763591    268.26766 
 5934000 0.0022492931 -0.0022561634    273.47683 
 5935000  0.002038454 -0.0020552468    278.78601 
 5936000  0.002134631 -0.0021045472    272.28567 
 5937000 0.0022615952 -0.0022270593    268.58804 
 5938000 0.0020466312 -0.002029499    274.49846 
 5939000 0.0018759909 -0.0018841812    270.16172 
 5940000 0.0018845962 -0.0019205812    268.18437 
 5941000 0.0018813709 -0.0018848644    269.26294 
 5942000 0.0019955794 -0.0020468873     266.0987 
 5943000   0.00205649 -0.0020950265    269.24509 
 5944000 0.0020582956 -0.0020923537    271.12585 
 5945000 0.0021923285 -0.0022368909    272.75656 
 5946000 0.0019605186 -0.0020069404    262.13835 
 5947000 0.0020665164 -0.0020512839    271.71357 
 5948000 0.0020427516 -0.0020523144    272.34722 
 5949000 0.0020157009 -0.0020403465    270.04562 
 5950000 0.0020061465 -0.0020114957    270.14545 
 5951000 0.0020189408 -0.0020314817    267.99573 
 5952000 0.0019305247 -0.0019594773    272.93301 
 5953000 0.0019377399 -0.0019610784    271.77838 
 5954000 0.0020353223 -0.0020338817    269.95259 
 5955000 0.0020258437 -0.0020587653    269.31803 
 5956000 0.0021702295 -0.0021681506    273.57781 
 5957000 0.0019635974 -0.0019744244    268.96638 
 5958000 0.0022090909 -0.0022304583    266.94973 
 5959000 0.0021357793 -0.0021477895    268.87099 
 5960000  0.002168128 -0.0021961052    275.70342 
 5961000 0.0021834677 -0.0021645896    267.41228 
 5962000  0.002066934 -0.0020985407    272.80853 
 5963000 0.0020505342 -0.0020688733    269.86286 
 5964000 0.0022371062 -0.0022433256    271.10519 
 5965000 0.0021192502 -0.0021964201    270.16887 
 5966000 0.0019860716 -0.0020066318    264.93363 
 5967000 0.0020884474 -0.0021227651      269.082 
 5968000 0.0020581076 -0.0021224472    266.12784 
 5969000 0.0019150876 -0.0019503376    269.95064 
 5970000 0.0019339385 -0.0019751961    269.22558 
 5971000 0.0019545564 -0.0020290187    265.31522 
 5972000 0.0018031118 -0.0018281557    270.41046 
 5973000 0.0016634549 -0.0016951402    267.63727 
 5974000 0.0018056496 -0.0018383787    271.94578 
 5975000 0.0017749958 -0.0018134268    270.39533 
 5976000 0.0017983506 -0.0018242338    272.76368 
 5977000 0.0019389362 -0.0019678114    264.86309 
 5978000 0.0017930986 -0.0018255677    269.44599 
 5979000 0.0018172303 -0.0018380697    266.44231 
 5980000 0.0018349359 -0.0018684228    275.67278 
 5981000 0.0016636567 -0.0017022007    269.14263 
 5982000 0.0017874037 -0.0017927893    269.07085 
 5983000  0.001680218 -0.0017398182    266.04392 
 5984000 0.0018517579 -0.0018611399     271.4961 
 5985000 0.0017633951 -0.0018235423    272.77026 
 5986000 0.0018367189 -0.0018903802    272.11678 
 5987000 0.0020462462 -0.0020716626    273.06275 
 5988000 0.0019935786 -0.0020578667    270.18692 
 5989000 0.0019854011 -0.0019798852    277.44662 
 5990000 0.0020405501 -0.0020570129    273.04376 
 5991000 0.0020780319 -0.0020866916    268.30504 
 5992000 0.0020099471 -0.0020266425    271.82355 
 5993000 0.0021252393 -0.0021416606    270.53295 
 5994000 0.0019702309 -0.0019949701    271.01342 
 5995000 0.0020288816 -0.0020469184    266.43708 
 5996000 0.0019803095 -0.0019874152    273.16713 
 5997000 0.0020096279 -0.0020239874    269.93125 
 5998000 0.0016670062 -0.001717506    266.37128 
 5999000 0.0017072999 -0.0017395914    273.27742 
 6000000 0.0017533588 -0.001777924    268.98373 
 6001000 0.0016149773 -0.0016924424    267.94214 
 6002000 0.0016454489 -0.0017095175    267.01342 
 6003000  0.001862255 -0.0019010528    267.94196 
 6004000 0.0018239763 -0.0019108573     269.9915 
 6005000 0.0017268333 -0.001757943     268.9474 
 6006000  0.001734984 -0.0017931293    272.91602 
 6007000 0.0018566173 -0.001917284    268.60449 
 6008000 0.0018003053 -0.0018371093    267.98021 
 6009000 0.0019063274 -0.0019467969    271.53768 
 6010000 0.0017848638 -0.0018362102    267.18198 
 6011000 0.0019046606 -0.0019563683    274.11171 
 6012000 0.0017375558 -0.0017803848    271.35765 
 6013000 0.0018993264 -0.0019382772    269.73559 
 6014000 0.0019865171 -0.0020122733    275.54841 
 6015000 0.0018907704 -0.0019477727    269.50968 
 6016000 0.0019551529 -0.0020131595    273.95791 
 6017000 0.0019395591 -0.0019786923    270.55073 
 6018000 0.0020044231 -0.0020178937    266.76665 
 6019000 0.0019899338 -0.0020126352     268.6016 
 6020000 0.0022228508 -0.0022602822    270.15702 
 6021000 0.0021252813 -0.0021267285    271.39827 
 6022000  0.002262122 -0.0022703038     269.1004 
 6023000 0.0021065806 -0.0021601936    270.49169 
 6024000 0.0021931137 -0.0022225325    269.10825 
 6025000  0.001989317 -0.0020162741    273.22854 
 6026000 0.0021269787 -0.0021341627    271.12573 
 6027000 0.0021075008 -0.0021231381    267.09754 
 6028000 0.0020610758 -0.0020950708    269.22761 
 6029000 0.0022733779 -0.0022775788    267.50134 
 6030000  0.002343901 -0.0023132077    271.71268 
 6031000 0.0022387555 -0.0022727218    269.65841 
 6032000 0.0024523588 -0.0024569641    268.45379 
 6033000 0.0022276745 -0.0022470202    270.90164 
 6034000 0.0020509411 -0.0020972794    273.28554 
 6035000 0.0018855836 -0.0019393873    268.46108 
 6036000 0.0020446098 -0.0020870437    270.05862 
 6037000 0.0021656849 -0.0022036608    273.76903 
 6038000 0.0020221388 -0.0020664377    266.42503 
 6039000  0.002225234 -0.0022692205    277.88542 
 6040000 0.0020060829 -0.0020327941    269.25417 
 6041000 0.0020052406 -0.0020306671    266.16662 
 6042000 0.0021486016 -0.0021644935    274.31771 
 6043000 0.0021682581 -0.0021995192    269.84891 
 6044000 0.0022332322 -0.0022242945    272.48778 
 6045000 0.0020523363 -0.0020582729    273.82724 
 6046000 0.0022753978 -0.0023096731     270.8925 
 6047000 0.0022151651 -0.0022250787    268.28232 
 6048000 0.0020881743 -0.0021289673    268.34041 
 6049000 0.0021036779 -0.0021566355    267.80289 
 6050000 0.0021401418 -0.0021846111    269.83552 
 6051000 0.0021203729 -0.0021367785    273.30842 
 6052000 0.0020572022 -0.0021079488    266.83602 
 6053000 0.0022815139 -0.0023097652    269.48275 
 6054000 0.0021745451 -0.0021858572    271.30408 
 6055000 0.0022457988 -0.0022753195    269.88707 
 6056000 0.0022017496 -0.0022220757    271.61499 
 6057000 0.0021405545 -0.002171353     267.8881 
 6058000 0.0019506241 -0.0019770367    267.97432 
 6059000 0.0020699315 -0.0021240011      272.576 
 6060000 0.0020820031 -0.0021338701    271.07542 
 6061000 0.0020354761 -0.0020692722    268.09411 
 6062000 0.0020997173 -0.0021928077     266.9319 
 6063000 0.0019800908 -0.0020115674    273.22273 
 6064000 0.0021497709 -0.0021877912    275.19046 
 6065000 0.0022091174 -0.002245746    273.08977 
 6066000 0.0021605148 -0.0022091491    269.98596 
 6067000 0.0021281714 -0.0021737632    266.90778 
 6068000 0.0020646119 -0.0021451021    272.28091 
 6069000 0.0019984582 -0.002105179    268.63991 
 6070000 0.0021445788 -0.0021597949    267.57675 
 6071000 0.0020605664 -0.0021196715     271.6962 
 6072000 0.0022384977 -0.0022823667    268.06059 
 6073000 0.0022538422 -0.0023282119    270.40442 
 6074000 0.0021708385 -0.0022182369    273.64108 
 6075000 0.0022654586 -0.0023199545     274.0522 
 6076000 0.0021919504 -0.0022463128    270.68723 
 6077000 0.0021427263 -0.0021590624    271.44694 
 6078000  0.002008872 -0.0020533297    272.24337 
 6079000 0.0018747857 -0.0019262749    270.38683 
 6080000 0.0020214011 -0.0020155277    267.00496 
 6081000 0.0018981701 -0.0018993746    276.10165 
 6082000 0.0020325941 -0.0020355774    271.91491 
 6083000 0.0019364124 -0.0019313393    272.91578 
 6084000 0.0019843855 -0.0020298098    271.73567 
 6085000  0.002029835 -0.0020522021    271.95382 
 6086000  0.002000695 -0.0020370525    272.69133 
 6087000 0.0020834554 -0.0021297173    269.57913 
 6088000 0.0021044028 -0.0021427946    266.43035 
 6089000  0.002251917 -0.0022362473    269.61611 
 6090000 0.0020593721 -0.0020680873    270.21695 
 6091000 0.0022216657 -0.0021924925    269.51948 
 6092000 0.0021950651 -0.0022337242    267.35919 
 6093000 0.0021640422 -0.0021958613    269.31781 
 6094000 0.0021141851 -0.0021376026    273.01316 
 6095000 0.0022569365 -0.002266849    272.72875 
 6096000 0.0021784291 -0.0022023135    266.06867 
 6097000  0.002059073 -0.0020653698    267.25173 
 6098000 0.0021264367 -0.0020891768     273.5362 
 6099000 0.0020936633 -0.002123702    269.95886 
 6100000 0.0020480076 -0.0020719331    268.73646 
 6101000 0.0019971466 -0.0020710058    272.42756 
 6102000 0.0020394126 -0.002057209    267.44207 
 6103000 0.0017743851 -0.0017875747    269.35688 
 6104000 0.0020360236 -0.0020221957     273.3669 
 6105000 0.0020029443 -0.0020576617    271.14155 
 6106000 0.0020624382 -0.0020735424    270.16215 
 6107000 0.0019980604 -0.0020175582    275.39727 
 6108000 0.0021058226 -0.0021366837    269.19014 
 6109000 0.0020963056 -0.0021355818    274.24581 
 6110000 0.0021456127 -0.0021510797    276.12186 
 6111000 0.0021135894 -0.0021114246    265.31971 
 6112000 0.0020325136 -0.0020927208    275.39459 
 6113000 0.0019390581 -0.001977396    273.92928 
 6114000  0.001988491 -0.0020411508    271.54419 
 6115000 0.0018810926 -0.0018959239    265.83686 
 6116000 0.0020374032 -0.0020656125    267.63714 
 6117000 0.0019506236  -0.00201046    275.87659 
 6118000 0.0020025021 -0.0020272451    266.94961 
 6119000 0.0019197236 -0.0019180954    266.92386 
 6120000 0.0018657818 -0.0018810564    270.27754 
 6121000 0.0020527188 -0.0020685798    266.34156 
 6122000  0.002105845 -0.0021414179    268.24169 
 6123000 0.0019490415 -0.0019824034    265.69117 
 6124000 0.0019177553 -0.0019202985     269.6044 
 6125000 0.0020729895 -0.0020754519    272.42198 
 6126000    0.0021443 -0.0021774111    266.55996 
 6127000 0.0020779222 -0.0020937996    274.99205 
 6128000 0.0020453769 -0.002072156    272.80718 
 6129000  0.002076139 -0.0021143167    268.67632 
 6130000  0.001762641 -0.0018305432    272.80056 
 6131000 0.0019115169 -0.0019580247    267.83123 
 6132000 0.0020483761 -0.0020673681    267.46572 
 6133000 0.0020742358 -0.0020985063    275.70198 
 6134000 0.0019762882 -0.001951254    268.56128 
 6135000 0.0020290563 -0.0020316701    273.53437 
 6136000 0.0019985147 -0.0020646536    276.47867 
 6137000 0.0016760338 -0.0016746578    271.69008 
 6138000 0.0018374569 -0.001866067    269.72401 
 6139000  0.001868594 -0.0018590035    276.64759 
 6140000 0.0019771095 -0.0020065053    271.18031 
 6141000  0.001803062 -0.0018429664    276.16748 
 6142000 0.0020713468 -0.0020967551    267.70483 
 6143000 0.0020566263 -0.0021197094    266.33543 
 6144000 0.0022067765 -0.0022622218    269.50483 
 6145000 0.0020318869 -0.0020956442    270.88465 
 6146000 0.0019292312 -0.0019588506    273.47775 
 6147000 0.0019862167 -0.0020313325    272.16184 
 6148000 0.0019934212 -0.0020652069    271.43089 
 6149000 0.0020982414 -0.0021321168    271.70023 
 6150000 0.0020091569 -0.0020495375    266.21829 
 6151000 0.0017889897 -0.0018103405     273.3882 
 6152000 0.0019016432 -0.0019241313    274.70865 
 6153000 0.0018639528 -0.0018904706     269.7213 
 6154000 0.0018313371 -0.0018425732    268.88883 
 6155000 0.0018293089 -0.0018223013    272.50695 
 6156000 0.0018747908 -0.001867836    269.88459 
 6157000 0.0019113291 -0.0019154347    268.82422 
 6158000 0.0019257242 -0.0019430704    271.69625 
 6159000 0.0016944104 -0.0017425646    266.11204 
 6160000 0.0018473165 -0.0018642873    269.56282 
 6161000 0.0019698419 -0.0020091861    268.89881 
 6162000 0.0019787894 -0.0019897569    270.78352 
 6163000 0.0017767767 -0.0017988087    272.05453 
 6164000 0.0017188084 -0.0017885545    270.69305 
 6165000 0.0016837714 -0.0016713405     267.2761 
 6166000 0.0018833789 -0.0019567457    271.93362 
 6167000 0.0018457865 -0.0018451737     269.1615 
 6168000 0.0018273054 -0.0018359042    270.70705 
 6169000 0.0020363766 -0.0020548872    271.78507 
 6170000 0.0020066722 -0.0020326651    268.25319 
 6171000 0.0020752767 -0.0020991605     274.3099 
 6172000  0.002028982 -0.0020786008    269.39598 
 6173000 0.0020024115 -0.0020430594    268.21605 
 6174000 0.0019244161 -0.001962058    272.78331 
 6175000 0.0021131891 -0.0021069785    272.20402 
 6176000 0.0020187728 -0.0020532714    271.40202 
 6177000 0.0022742917 -0.0023075017    269.69719 
 6178000 0.0022083417 -0.0022710267    271.71371 
 6179000 0.0021999386 -0.0022115894    270.00714 
 6180000 0.0023163454 -0.0023590118     270.1716 
 6181000 0.0021942259 -0.0022044261    274.59664 
 6182000 0.0021407818 -0.002170679    277.66914 
 6183000 0.0019797155 -0.0020104852    272.10639 
 6184000 0.0020912249 -0.0021399283     270.0074 
 6185000 0.0021334029 -0.0021523721    272.27933 
 6186000 0.0021754908  -0.00222313    274.15216 
 6187000 0.0022182923 -0.0022285557    270.20235 
 6188000 0.0021371978 -0.0021370622    265.04568 
 6189000 0.0022069921 -0.0022373284    271.34343 
 6190000 0.0023869766 -0.0023947283    265.53385 
 6191000 0.0022051667 -0.0022261377    270.82605 
 6192000 0.0023008974 -0.0023052539     276.0295 
 6193000 0.0023402167 -0.0023680824    271.34195 
 6194000  0.002316219 -0.0023043721    267.03482 
 6195000 0.0021987549 -0.0022193772    273.88441 
 6196000 0.0022279804 -0.0022186171    274.88554 
 6197000 0.0022959634 -0.0023185793    271.35747 
 6198000 0.0023361912 -0.002370948    273.17085 
 6199000 0.0022455821 -0.0022568754    266.42465 
 6200000 0.0023505996 -0.0023870077    273.67963 
 6201000 0.0023028245 -0.0022927416    270.69359 
 6202000 0.0023663942 -0.0024011823    269.55524 
 6203000 0.0024533111 -0.0024604459    270.04442 
 6204000   0.00257607 -0.002591549    270.54334 
 6205000 0.0023882872 -0.0024154353    271.62754 
 6206000 0.0025840304 -0.0025972455    268.89326 
 6207000 0.0025871442 -0.0025936609    270.08628 
 6208000 0.0024303328 -0.0024598632    274.43674 
 6209000 0.0023882811 -0.0023820622    275.38503 
 6210000 0.0021742514 -0.0022254232    268.19499 
 6211000 0.0022337201 -0.0022652755    272.97639 
 6212000  0.002243727 -0.002257734    270.64723 
 6213000 0.0022453891 -0.0022869443    271.53316 
 6214000 0.0023405176 -0.0023450262    272.84314 
 6215000 0.0020813257 -0.0021012232    271.57677 
 6216000 0.0021527112 -0.0021568006    277.67654 
 6217000  0.002199093 -0.0022217899    272.25574 
 6218000 0.0021193188 -0.0021724687    275.88771 
 6219000 0.0021306747 -0.0022031571    268.46001 
 6220000 0.0022169647 -0.002256865    275.04642 
 6221000 0.0022715721 -0.0023220624    272.84656 
 6222000 0.0020006714 -0.002049077    268.67825 
 6223000 0.0019921046 -0.0020350401    269.64906 
 6224000 0.0020194103 -0.0020530221    269.77346 
 6225000 0.0019528121 -0.0019876165    268.93443 
 6226000 0.0019015544 -0.0019641973     267.2035 
 6227000 0.0019352573 -0.0019239057    266.57107 
 6228000 0.0020181453 -0.0020027999    270.48388 
 6229000 0.0020935365 -0.0021128106    274.61874 
 6230000  0.001990908 -0.0020256484    270.74499 
 6231000 0.0022245713 -0.002248234    276.85298 
 6232000 0.0020089245 -0.0020303487    273.64696 
 6233000 0.0022027428 -0.0022357745    267.23962 
 6234000 0.0019373123 -0.0019673691    271.23683 
 6235000 0.0020603025 -0.0020919669    270.40364 
 6236000 0.0019578158 -0.0019663716    273.59332 
 6237000 0.0022478414 -0.0022414888    271.79735 
 6238000  0.002152681 -0.0021700686    270.72564 
 6239000  0.001943585 -0.0019509862    271.52241 
 6240000 0.0020409621 -0.0020737691    272.29411 
 6241000 0.0019032637 -0.0019438246    272.98091 
 6242000 0.0019667042  -0.00200224    273.71079 
 6243000 0.0017716774 -0.0017979817    273.29393 
 6244000 0.0019694333 -0.0019944958    272.11035 
 6245000 0.0018159309 -0.0018678247    271.10304 
 6246000 0.0018047153 -0.0018306328    268.95318 
 6247000 0.0018059202 -0.001839715     272.5024 
 6248000 0.0018028566 -0.0018380625    268.58777 
 6249000 0.0016733339 -0.0016998806    268.99878 
 6250000 0.0018637789 -0.0018736996    270.87185 
 6251000 0.0018704456 -0.001898299    268.58889 
 6252000   0.00185103 -0.0018738845    272.96595 
 6253000 0.0017559604 -0.0017725007    268.49718 
 6254000  0.001662447 -0.0016735418    273.44113 
 6255000 0.0017553235 -0.0017866202    274.54157 
 6256000 0.0017439173 -0.0017526119    266.58485 
 6257000 0.0017575515 -0.0017830474     271.9441 
 6258000  0.001696736 -0.001744398    269.82532 
 6259000 0.0018798414 -0.0018941404    272.08097 
 6260000 0.0018308979 -0.001832665    263.81037 
 6261000 0.0017323782 -0.0017382299    273.42301 
 6262000 0.0017233654 -0.0017724103    266.84787 
 6263000 0.0020716548 -0.0021012251    267.76971 
 6264000 0.0018503577 -0.001853782    272.93461 
 6265000 0.0019091468 -0.0019503954    268.76855 
 6266000 0.0019498312 -0.0019302516    270.34649 
 6267000 0.0017969644 -0.0018429977    272.86444 
 6268000 0.0019162159 -0.0019188923    270.51823 
 6269000 0.0018428939 -0.0018737291     272.3936 
 6270000 0.0017623561 -0.0017839931    266.61336 
 6271000 0.0018798559 -0.0018935492    273.20603 
 6272000 0.0017536291 -0.0017874941    276.62612 
 6273000 0.0019199153 -0.0019535944    268.72656 
 6274000 0.0018365129 -0.0018377385    269.60879 
 6275000 0.0018649042 -0.0018869838     268.1563 
 6276000 0.0018364844 -0.0018511034    270.83235 
 6277000 0.0017776619 -0.0018028205     270.7755 
 6278000 0.0019546645 -0.0019906365     272.2453 
 6279000 0.0017855683 -0.0018333604     269.5235 
 6280000 0.0021400511 -0.0021694441    274.14201 
 6281000  0.002094825 -0.0020994449    269.16638 
 6282000  0.002125514 -0.0021521352     267.5546 
 6283000 0.0019795513 -0.0020031065    265.84842 
 6284000 0.0019145745 -0.0019727871     270.6508 
 6285000  0.001809465 -0.0018303601    273.15671 
 6286000 0.0018537691 -0.0018981458    265.24805 
 6287000 0.0018181452 -0.0018676735    270.63169 
 6288000  0.001934341 -0.0019787655    270.55442 
 6289000 0.0019181681 -0.001980687      274.891 
 6290000 0.0018483121 -0.0018747626    269.88337 
 6291000 0.0019747659 -0.0020174095     271.6439 
 6292000 0.0019388849 -0.0019391944    271.82654 
 6293000 0.0018253063 -0.001834683    267.44251 
 6294000 0.0018552799 -0.0018578771    274.10747 
 6295000 0.0019320855 -0.0019673392    274.67715 
 6296000 0.0020133003 -0.0020437964    267.75945 
 6297000 0.0021348752 -0.0021828253    272.81708 
 6298000 0.0020740328 -0.0020775559    268.43557 
 6299000 0.0021411877 -0.0021870747    269.27464 
 6300000 0.0020417994 -0.0020688943    275.84744 
 6301000 0.0019910004 -0.0020197503    272.98468 
 6302000 0.0020256068 -0.0020632585    271.16013 
 6303000 0.0019149138 -0.0019549563    272.43625 
 6304000 0.0017761325 -0.0018350875    267.51416 
 6305000 0.0019472674 -0.0019551888    269.32334 
 6306000 0.0020467883 -0.002058504    266.95926 
 6307000  0.002069421 -0.0020641487    273.21916 
 6308000 0.0020205608 -0.0019970079    272.46786 
 6309000 0.0019444679 -0.0019610548    268.81015 
 6310000 0.0019476209 -0.0019545058     268.9827 
 6311000 0.0019448871 -0.0019617628    273.85694 
 6312000 0.0019339144 -0.0019645359    272.37661 
 6313000 0.0019597678 -0.0019639911    271.82043 
 6314000 0.0020580751 -0.0020793319    276.42264 
 6315000 0.0020457227 -0.0020914061    272.24574 
 6316000 0.0021149033 -0.0021507161    267.85834 
 6317000 0.0020676423 -0.0021157007    275.70308 
 6318000 0.0021729046 -0.0022292639    271.50178 
 6319000  0.002118505 -0.0021615691     270.8939 
 6320000 0.0020654034 -0.0020688649    273.29193 
 6321000 0.0020970602 -0.0021080179    276.32243 
 6322000 0.0020811974 -0.002122374    270.84177 
 6323000 0.0020295424 -0.0020437817     270.3997 
 6324000 0.0020813934 -0.0021366958    269.60408 
 6325000 0.0022431003 -0.0022649672    275.69855 
 6326000  0.002180764 -0.0022136689    271.20203 
 6327000   0.00221591 -0.0022441125    273.04481 
 6328000 0.0020741197 -0.0020807677    273.71927 
 6329000 0.0022628948 -0.0022987787    271.65258 
 6330000 0.0020870073 -0.0021300484    273.62156 
 6331000 0.0021957219 -0.002239062    269.07846 
 6332000 0.0021478134 -0.0021679806    274.10432 
 6333000 0.0021613931 -0.002186386    271.80821 
 6334000 0.0023230935 -0.0023790115    268.77744 
 6335000 0.0020987863 -0.0021655334    272.76559 
 6336000 0.0021857535 -0.0022214853    273.44055 
 6337000 0.0023772371 -0.0023977218    270.11841 
 6338000 0.0024441461 -0.0024833374    271.35851 
 6339000 0.0024550993 -0.0024701439    273.24198 
 6340000 0.0024043684 -0.0024157306     272.1792 
 6341000 0.0022722574 -0.0023247148    270.13919 
 6342000 0.0024713481 -0.002510206     273.4419 
 6343000   0.00240365 -0.0024073126     268.3968 
 6344000 0.0022749903 -0.002279566    277.08658 
 6345000 0.0022942139 -0.002330305    268.59737 
 6346000 0.0023436997 -0.0023680459    269.19549 
 6347000  0.002366947 -0.0023928358    274.01544 
 6348000 0.0020727207 -0.0021285736    270.44235 
 6349000 0.0023007328 -0.0023232782    270.69761 
 6350000 0.0020234165 -0.0020769508    273.90745 
 6351000 0.0021175651 -0.0021656866    272.76237 
 6352000 0.0020628678 -0.0020835014     273.4351 
 6353000 0.0020981034 -0.0021624803    274.51203 
 6354000 0.0024567639 -0.0024933144    271.08705 
 6355000 0.0021702204 -0.0021873273    266.76158 
 6356000 0.0022915728 -0.0022975254    271.89324 
 6357000 0.0022836436 -0.0023144948    274.83059 
 6358000 0.0021826334 -0.0022143741    269.31305 
 6359000 0.0023615467 -0.0024085876    268.98537 
 6360000  0.002571195 -0.0026159506    269.82575 
 6361000 0.0024872043 -0.0025234304    267.62873 
 6362000 0.0024118332 -0.0024606352    271.30723 
 6363000 0.0020685448 -0.0021163546    272.29775 
 6364000 0.0021439423 -0.0022098694    272.23469 
 6365000 0.0021254326 -0.0021477393    271.54545 
 6366000 0.0024724731 -0.0024805567     270.7106 
 6367000 0.0023498946 -0.0024035741    276.53414 
 6368000  0.002310846 -0.0023214605    268.09106 
 6369000 0.0023348817 -0.0023563637    275.28051 
 6370000 0.0023773365 -0.0024231533    275.06241 
 6371000 0.0023232253 -0.002317802    270.63094 
 6372000 0.0022313911 -0.0022509898    268.20133 
 6373000 0.0022493631 -0.0022609945    269.91597 
 6374000 0.0023056852 -0.002327315      269.136 
 6375000 0.0023047499 -0.0023014681    271.52792 
 6376000 0.0019722046 -0.0020255325    267.88663 
 6377000  0.001831211 -0.0018631875     269.8667 
 6378000 0.0021579916 -0.0022068745    268.81757 
 6379000 0.0020763599 -0.0021045305    273.48422 
 6380000 0.0023208617 -0.0023189659    271.82775 
 6381000 0.0024136243 -0.0023876025    272.13775 
 6382000 0.0022444201 -0.0022643499    270.65999 
 6383000 0.0021132855 -0.0021589574    271.26315 
 6384000 0.0020875386 -0.0020829523    274.05433 
 6385000 0.0023348959 -0.0023568744    278.23752 
 6386000 0.0023551687 -0.0023967332    267.61723 
 6387000 0.0020781882 -0.0021228176    271.16318 
 6388000 0.0021289293 -0.0021338285    267.30209 
 6389000 0.0022123921 -0.0022350483    273.91675 
 6390000 0.0022183135 -0.0022369421    273.25684 
 6391000 0.0021978881 -0.0021992912     270.6631 
 6392000   0.00221501 -0.0022054821    271.50086 
 6393000 0.0022414682  -0.00224876    272.53784 
 6394000 0.0021499407 -0.0021690582    278.23508 
 6395000 0.0019359485 -0.0019224466     273.7815 
 6396000 0.0022111163 -0.0022389999    270.71933 
 6397000  0.002322948 -0.0023389395    271.75271 
 6398000 0.0022383294 -0.0022339677    272.71805 
 6399000 0.0020736106 -0.0020891524    271.89722 
 6400000 0.0022154849 -0.0022105763    269.12944 
 6401000 0.0022513359 -0.0022594843     268.1285 
 6402000 0.0022298142 -0.0022227093    266.95877 
 6403000 0.0020234269 -0.0020321188     276.7464 
 6404000 0.0021002278 -0.0021052311    274.41525 
 6405000 0.0021080125 -0.002092911    275.19102 
 6406000 0.0022468093 -0.0022491051    271.84168 
 6407000  0.002201002 -0.0022338935    271.03971 
 6408000  0.002086668 -0.0021112883     268.0354 
 6409000   0.00216592 -0.0021639546    271.09077 
 6410000 0.0021019561 -0.0020996554    271.78451 
 6411000 0.0022441219 -0.0022553329    272.58813 
 6412000 0.0021127186 -0.0021505152    274.01439 
 6413000 0.0022171085 -0.0022588497    268.83874 
 6414000 0.0020761738 -0.0021021767    273.44535 
 6415000 0.0022290243 -0.0022522759    274.11094 
 6416000 0.0021851051 -0.002157188    269.93271 
 6417000 0.0021177874 -0.0021436822    270.22333 
 6418000 0.0024459945 -0.0024517673    274.97925 
 6419000 0.0023585799 -0.0023780024    272.18481 
 6420000 0.0021070968 -0.0021345381    271.89851 
 6421000 0.0023494272 -0.0023703244    261.90571 
 6422000 0.0023039761 -0.0023332529    271.36355 
 6423000  0.002243581 -0.0022403108    272.67296 
 6424000  0.002229684 -0.0022477139    271.54903 
 6425000 0.0022398222 -0.0022444184    271.83903 
 6426000 0.0022115898 -0.0022520352    268.81206 
 6427000  0.002404373 -0.0024353631    269.56501 
 6428000 0.0021296236 -0.0021592856    274.94163 
 6429000 0.0022038273 -0.0022214997    268.85832 
 6430000 0.0020152344 -0.0020328821    273.26262 
 6431000 0.0022431499 -0.0022372958    268.97815 
 6432000 0.0018797413 -0.0019359926    266.31078 
 6433000  0.002154928 -0.0021681292    273.85947 
 6434000 0.0021520314 -0.0021451213    266.01157 
 6435000 0.0021866989 -0.0022272915    275.17917 
 6436000 0.0021394364 -0.0021400506    273.04334 
 6437000 0.0023474099 -0.0023587972    267.08997 
 6438000 0.0022730715 -0.0023281194    269.87507 
 6439000 0.0023712235 -0.0024266492    268.34536 
 6440000 0.0024045205 -0.0024673508      271.527 
 6441000 0.0023349313 -0.0023833987    271.81473 
 6442000 0.0023222842 -0.0024116485     268.6035 
 6443000 0.0023456238 -0.0023688549    268.17535 
 6444000 0.0021337809 -0.0021833352    269.58783 
 6445000 0.0021829625 -0.002166921    268.47319 
 6446000 0.0021955615 -0.0022292566    272.89525 
 6447000 0.0020852056 -0.002104573    270.92882 
 6448000 0.0023881421 -0.0023974939    271.84796 
 6449000 0.0022858776 -0.002274246    274.21329 
 6450000 0.0021769484 -0.002205171    268.92557 
 6451000  0.002134596 -0.0021398174    271.22787 
 6452000 0.0023536583 -0.0023855725    267.81467 
 6453000 0.0020753352 -0.0021211836    268.50981 
 6454000 0.0022446819 -0.0022651096     273.0156 
 6455000 0.0020268168 -0.0020431279    269.16644 
 6456000 0.0022789142 -0.0022908784    267.36981 
 6457000 0.0023716129 -0.002380936    275.88842 
 6458000 0.0023307317 -0.0023688033     271.7495 
 6459000 0.0021726998 -0.0022010746    265.95757 
 6460000 0.0022619855 -0.0022994366    270.83936 
 6461000 0.0021663067 -0.0022085385    271.80614 
 6462000 0.0020617957 -0.0020749581    267.93919 
 6463000 0.0020477113 -0.0020614747    263.87917 
 6464000 0.0022515414 -0.0023002422    266.97053 
 6465000 0.0021641567 -0.0021722654    269.21053 
 6466000  0.002224942 -0.0022331929    277.96359 
 6467000 0.0022439073 -0.0023113992    273.15266 
 6468000  0.002129048 -0.0021756863    268.10982 
 6469000  0.002057666 -0.0020919538    270.78651 
 6470000 0.0021868368 -0.0021942877    272.33628 
 6471000 0.0023018021 -0.0023213019    267.01108 
 6472000 0.0022125026 -0.0022114693     269.2863 
 6473000 0.0023033204 -0.002300479    271.04657 
 6474000 0.0022466333 -0.0022496114    267.75261 
 6475000 0.0021640633 -0.0021797492    275.37201 
 6476000 0.0020913735 -0.0020975156    268.30609 
 6477000 0.0021139867 -0.0021517929    266.87782 
 6478000 0.0022659074 -0.0022987859    271.07607 
 6479000  0.002220457 -0.0022138575     274.5827 
 6480000 0.0022297937 -0.0022256901     269.8846 
 6481000 0.0022227041 -0.0022092523    271.52418 
 6482000 0.0023415362 -0.0023408599    270.86386 
 6483000  0.002169409 -0.0021971785    271.46173 
 6484000 0.0020811141 -0.0021249919    269.57333 
 6485000  0.002200108 -0.002248619    271.56831 
 6486000 0.0021460116 -0.0021825063    273.13631 
 6487000  0.002128532 -0.0021399535    270.48961 
 6488000 0.0020147843 -0.002040866    271.24495 
 6489000 0.0018602009 -0.0018982852    268.01486 
 6490000 0.0018634239 -0.0018905422    269.97365 
 6491000 0.0020791899 -0.0021306023    276.22078 
 6492000 0.0020892642 -0.0021349548    271.46714 
 6493000  0.002144391 -0.0021907568    271.15673 
 6494000 0.0021883741 -0.0022201838    269.18555 
 6495000 0.0023780712 -0.0023512015     270.3678 
 6496000 0.0021103908 -0.002119198    269.33428 
 6497000 0.0020825145 -0.0020854679    272.25572 
 6498000 0.0019416242 -0.0019682861    268.89829 
 6499000 0.0019295023 -0.0019887756    267.61858 
 6500000 0.0021460303 -0.0021485199    274.70377 
 6501000 0.0019019966 -0.0019682975    271.78618 
 6502000 0.0022952251 -0.0023262644    270.15201 
 6503000 0.0022216149 -0.0022470733    271.35083 
 6504000 0.0020245278 -0.0020705352     270.2013 
 6505000 0.0019701761 -0.0019821586     269.8625 
 6506000 0.0020805127 -0.0021092244    265.16351 
 6507000 0.0023248695 -0.0023581806    270.00771 
 6508000 0.0022011444 -0.0022581181    275.22373 
 6509000 0.0022065141 -0.0021908541    272.64546 
 6510000 0.0019934868 -0.0020505319    267.25862 
 6511000  0.002045582 -0.0020748545     270.4097 
 6512000 0.0019481848 -0.0019761114    272.56789 
 6513000 0.0019343261 -0.0019685697    269.21215 
 6514000 0.0020917738 -0.0020952229    266.06766 
 6515000 0.0020422284 -0.0020532985    271.16264 
 6516000 0.0020859104 -0.0020854994    270.31811 
 6517000 0.0020309053 -0.0020437007    269.97016 
 6518000 0.0022230402 -0.0022203181    274.30382 
 6519000 0.0021374029 -0.0021475222    267.26107 
 6520000 0.0018200336 -0.0018316605    269.88614 
 6521000 0.0019874064 -0.0020153156    269.67478 
 6522000 0.0018793597 -0.0019060786    273.55495 
 6523000 0.0017416588 -0.0017485937     276.0183 
 6524000 0.0018877314 -0.001901163     270.4022 
 6525000 0.0019102165 -0.0019444009    270.09521 
 6526000 0.0017580568 -0.0017884478    266.77612 
 6527000  0.001930294 -0.0019424459    273.15093 
 6528000 0.0018801732 -0.001911556    266.86113 
 6529000 0.0020918914 -0.0021177604    266.68571 
 6530000 0.0020680489 -0.0020934056    275.05426 
 6531000 0.0020400699 -0.0020832657    270.34489 
 6532000 0.0018552672 -0.001907159    269.48334 
 6533000 0.0021113009 -0.0021414649     270.4344 
 6534000 0.0021361314 -0.0022089468    274.10278 
 6535000 0.0022207235 -0.0022424884    269.92059 
 6536000 0.0022167224 -0.0022634833     273.8144 
 6537000 0.0023682276 -0.0023804819    275.72336 
 6538000 0.0022009251 -0.002235425    274.16659 
 6539000 0.0021217415 -0.0021368081    271.02132 
 6540000  0.002211784 -0.0022307376    269.79219 
 6541000 0.0021916218 -0.0022139126    266.59424 
 6542000 0.0022920646 -0.002294959    267.93317 
 6543000 0.0023157853 -0.0023666392    272.23738 
 6544000 0.0022746881 -0.0022940726       266.95 
 6545000 0.0023270166 -0.0023237482    274.59433 
 6546000 0.0022119408 -0.0022369429    275.28729 
 6547000 0.0021838066 -0.0022255595    268.23619 
 6548000 0.0023507172 -0.0023760683    269.07799 
 6549000 0.0023056415 -0.002364757    276.96267 
 6550000 0.0021919828 -0.002197584    274.23854 
 6551000 0.0023552293 -0.0023569453    276.78201 
 6552000 0.0021730276 -0.0021773843    275.79999 
 6553000 0.0021032121 -0.0021062494    269.08515 
 6554000 0.0020931926 -0.0020978927    269.38004 
 6555000 0.0021740169 -0.0022050867     273.6174 
 6556000 0.0021180577 -0.0021347606    269.27505 
 6557000  0.002287578 -0.0022887255    266.51895 
 6558000 0.0021183205 -0.0021425516    267.29864 
 6559000 0.0019944064 -0.0020312817    273.00737 
 6560000  0.001971795 -0.0019668085    271.53605 
 6561000 0.0019143555 -0.0019258334    267.38253 
 6562000 0.0020239583 -0.0019786805    268.14502 
 6563000  0.002138194 -0.0021490038    269.90698 
 6564000 0.0023747502 -0.0023578114    269.68623 
 6565000 0.0020740892 -0.0020687485    274.62238 
 6566000 0.0022067905 -0.0021967146    271.31691 
 6567000 0.0023692744 -0.0023708851    266.76609 
 6568000 0.0024580098 -0.0024711628    269.49253 
 6569000 0.0020675433 -0.0021256934    270.47526 
 6570000 0.0022145786 -0.0022444301    271.46248 
 6571000 0.0022802107 -0.0022923632    276.15737 
 6572000 0.0021679712 -0.0021447458    273.61886 
 6573000 0.0020330627 -0.002053258    270.30844 
 6574000 0.0021091145 -0.0021468073    272.77273 
 6575000   0.00208155 -0.0021142737    273.93191 
 6576000 0.0022331448 -0.0022727266    271.57301 
 6577000 0.0020493559 -0.0021001968    268.66805 
 6578000 0.0021512299 -0.0022023678    272.15373 
 6579000  0.002235251 -0.0022243523    269.45708 
 6580000 0.0021932663 -0.0022138521    269.40248 
 6581000 0.0022779594 -0.002336056    274.49171 
 6582000  0.002204515 -0.0022588654    275.70738 
 6583000 0.0021362838 -0.0021974579    271.38766 
 6584000 0.0021273865 -0.0021712338    269.00131 
 6585000 0.0021769911 -0.002202469    269.79625 
 6586000 0.0025028901 -0.002499998    268.97353 
 6587000 0.0023708583 -0.0023890636    268.78866 
 6588000 0.0021745594 -0.0022192002    270.28959 
 6589000 0.0021037687 -0.0021377965    271.28195 
 6590000 0.0022115766 -0.0022480113    274.14952 
 6591000 0.0022264535 -0.0022321283    273.40243 
 6592000 0.0021870375 -0.0022081555    266.98924 
 6593000 0.0020695896 -0.0021059711    268.49909 
 6594000 0.0020108014 -0.0020353245    271.85122 
 6595000 0.0020599829 -0.0020408112    274.62808 
 6596000 0.0021596658 -0.0021857059    269.89553 
 6597000 0.0019991046 -0.0020131292    271.79338 
 6598000  0.002007852 -0.0019840754    272.39329 
 6599000 0.0019062398 -0.0019037076    275.13227 
 6600000 0.0019485873 -0.0019766176    270.15363 
 6601000 0.0020318365 -0.0020196124    271.64254 
 6602000 0.0022479252 -0.0022688568    271.69131 
 6603000 0.0022722294 -0.0022917478     270.6106 
 6604000 0.0022907613 -0.002308226    273.86926 
 6605000 0.0022355057 -0.0022584118    270.56087 
 6606000 0.0021504984 -0.0021960026     269.3671 
 6607000 0.0020569707 -0.0020543251    272.66731 
 6608000 0.0020355993 -0.0020555387    273.16841 
 6609000 0.0021444223 -0.0021283202    269.71233 
 6610000 0.0022191975 -0.0022438669    275.03329 
 6611000 0.0022555803 -0.0022440717    272.25842 
 6612000 0.0021102952 -0.0021172114    268.35621 
 6613000 0.0022756607 -0.0022874269    271.92833 
 6614000 0.0021099939 -0.0021415303    269.76227 
 6615000 0.0020314859 -0.0020470691     274.8398 
 6616000 0.0022470978 -0.002266156    268.67431 
 6617000 0.0022878943 -0.0022904444    270.65292 
 6618000 0.0020935272 -0.0020823583    272.25791 
 6619000 0.0019690904 -0.0019708091    272.41732 
 6620000 0.0018752338 -0.0018788957    268.47326 
 6621000 0.0021361331 -0.0021399799    273.08172 
 6622000 0.0019270183 -0.0019394774    266.44906 
 6623000 0.0022703905 -0.0022880504    272.46838 
 6624000 0.0019607541 -0.0020361051    273.08028 
 6625000 0.0022203536 -0.0021870438    272.72212 
 6626000 0.0021239424 -0.0021331798    268.18753 
 6627000 0.0020370561 -0.0020237836    266.41884 
 6628000 0.0021345953 -0.0021614996    269.14862 
 6629000 0.0020805316 -0.0021108376    270.17192 
 6630000 0.0021399195 -0.0021639166    271.81802 
 6631000 0.0018933479 -0.001940145    276.88102 
 6632000 0.0020727385 -0.0020961502    271.84028 
 6633000 0.0021719738 -0.0022093269    268.86723 
 6634000  0.002114326 -0.0021709278    271.82491 
 6635000 0.0023063626 -0.0023275931    270.42546 
 6636000 0.0020927361 -0.0021351839    269.80741 
 6637000  0.002166769 -0.0021720762    269.55696 
 6638000 0.0020514073 -0.0020438077    267.85981 
 6639000 0.0020102543 -0.002017445    270.63773 
 6640000 0.0019756961 -0.0020373347    275.57427 
 6641000 0.0020005511 -0.0020182414    275.56719 
 6642000 0.0019857487 -0.0020214643    267.85459 
 6643000  0.001926776 -0.0019388257    270.37611 
 6644000 0.0018845402 -0.0019297737    273.35236 
 6645000 0.0017641605 -0.0018060215    270.64561 
 6646000  0.002056091 -0.0020523032    270.18086 
 6647000 0.0022133457 -0.0022744471    278.10542 
 6648000  0.001934768 -0.001985841    268.83903 
 6649000 0.0020284211 -0.0020654011    268.98278 
 6650000 0.0019079297 -0.0019487832    270.31982 
 6651000 0.0018256876 -0.0018339223    270.70197 
 6652000 0.0019446761 -0.0019630195    271.48656 
 6653000 0.0018659408 -0.0019206498    267.27616 
 6654000 0.0018123903 -0.0018337906    270.58033 
 6655000 0.0016559569 -0.0016685633    273.90957 
 6656000 0.0018380346 -0.0018616889    274.22819 
 6657000 0.0018803272 -0.0019264714    269.21667 
 6658000 0.0017657136 -0.0017900651    267.73186 
 6659000 0.0018335956 -0.0018426151    269.78081 
 6660000 0.0018900286 -0.0019325728    270.13388 
 6661000 0.0019305783 -0.0019668309    270.24395 
 6662000 0.0020687876 -0.0020729282    269.91035 
 6663000 0.0018488674 -0.0018579302    267.45294 
 6664000 0.0019361297 -0.0019573745     265.0121 
 6665000 0.0019310762 -0.0019837625    277.19629 
 6666000 0.0019743124 -0.0020097007    273.20585 
 6667000 0.0019985147 -0.0020139231    269.16748 
 6668000 0.0017225921 -0.0017363669    272.15122 
 6669000 0.0017776649 -0.0018253484    274.41909 
 6670000  0.001816311 -0.0018162383     270.7401 
 6671000  0.001846411 -0.0018373675    273.55568 
 6672000 0.0018033665 -0.0018291233    271.02679 
 6673000 0.0019250031 -0.0019769244    275.09962 
 6674000 0.0019643992 -0.0019777049    266.93954 
 6675000 0.0017780709 -0.0017618982    269.84438 
 6676000 0.0020971852 -0.0021015733     275.1013 
 6677000 0.0017880146 -0.0017875248    270.56401 
 6678000 0.0018771736 -0.0018755146    266.56656 
 6679000 0.0018680686 -0.0018332907    271.16167 
 6680000 0.0019442572 -0.0019435493    272.90302 
 6681000 0.0020252934 -0.0020268118    270.34476 
 6682000 0.0020196506 -0.0020250878    271.95261 
 6683000 0.0019460147 -0.0019200161    267.50159 
 6684000 0.0019488138 -0.001965005    270.88401 
 6685000 0.0018149487 -0.0018247006    269.99147 
 6686000 0.0018439611 -0.0018520057    268.62556 
 6687000 0.0017701415 -0.0017996599    275.09407 
 6688000 0.0019297457 -0.001942803    277.56681 
 6689000 0.0017782537 -0.0017908793    274.09979 
 6690000 0.0019267142 -0.0019428471    270.57667 
 6691000 0.0019469935 -0.001984854    275.73581 
 6692000 0.0019384238 -0.0019604721    271.36253 
 6693000  0.002028237 -0.0020194642    269.53254 
 6694000 0.0019245156 -0.0019413767    268.83585 
 6695000 0.0019955856 -0.0020071061    269.71153 
 6696000 0.0018903888 -0.0019096353    271.16046 
 6697000 0.0016791302 -0.0017131141    269.80611 
 6698000 0.0017888483 -0.0017835613    275.15612 
 6699000 0.0016951982 -0.0017107619    269.05196 
 6700000 0.0017912089 -0.0018014328    270.15059 
 6701000 0.0017703627 -0.0017989407    274.64607 
 6702000 0.0020186732 -0.0020162763    272.90361 
 6703000   0.00169685 -0.0017494108    272.64675 
 6704000 0.0017053383 -0.0016907478    265.69242 
 6705000  0.001686543 -0.0017021884     273.2521 
 6706000 0.0017254768 -0.0017428247     265.2787 
 6707000 0.0019714737 -0.0019933024    269.00877 
 6708000 0.0020423021 -0.0020457793    272.22062 
 6709000 0.0017093108 -0.0017582364    274.84842 
 6710000 0.0017005027 -0.0017400824     269.1595 
 6711000 0.0017374099 -0.0017609704    271.75073 
 6712000 0.0016486028 -0.0016431534     268.4338 
 6713000 0.0017309764 -0.0017545085    270.38313 
 6714000  0.001775174 -0.0017868942    272.41871 
 6715000 0.0018583608 -0.0019043168    269.57947 
 6716000 0.0018585456 -0.0019600061      272.366 
 6717000 0.0017627941 -0.0018230294    269.40205 
 6718000 0.0016241174 -0.0016828122    271.28902 
 6719000 0.0016944416 -0.0017534681    269.70886 
 6720000 0.0017431739 -0.0017873752     269.2178 
 6721000 0.0018336439 -0.0018624423    270.37196 
 6722000 0.0019012089 -0.001906822     271.5389 
 6723000  0.001859984 -0.0019027477    276.72016 
 6724000 0.0017700199 -0.001796995    277.60781 
 6725000 0.0017103412 -0.0017191168    265.69311 
 6726000 0.0017674877 -0.001784266    274.18111 
 6727000 0.0018018466 -0.0018113782    271.37628 
 6728000 0.0019042082 -0.0018876312     273.5845 
 6729000 0.0017516162 -0.0017602142    263.08338 
 6730000  0.001743429 -0.0017539655    272.38054 
 6731000 0.0015598214 -0.0015451282    268.48612 
 6732000 0.0014626369 -0.0014685929    271.81487 
 6733000 0.0015931388 -0.001585534    269.53722 
 6734000  0.001718726 -0.0017308878    266.57672 
 6735000  0.001844975 -0.0018792173    268.38787 
 6736000 0.0018281475 -0.0018279852    269.58028 
 6737000 0.0019936984 -0.0020094127    266.68573 
 6738000 0.0018622063 -0.0018726699    271.08046 
 6739000 0.0018170323 -0.001822812    270.03607 
 6740000 0.0018017604 -0.0017926911     273.7514 
 6741000 0.0017738124 -0.001768967    273.71382 
 6742000 0.0018760251 -0.001887356    269.19433 
 6743000 0.0019111864 -0.0019227003    267.89299 
 6744000 0.0018140078 -0.0018429807    273.67939 
 6745000 0.0019308952 -0.0019461877    269.11191 
 6746000 0.0018739205 -0.0018732673    271.59359 
 6747000   0.00183652 -0.0018384792    269.07363 
 6748000 0.0017176226 -0.0017697276    271.89355 
 6749000 0.0019236654 -0.0019646631    269.18472 
 6750000 0.0017593944 -0.0017928267    265.77088 
 6751000 0.0017896267 -0.0018554308    273.78885 
 6752000 0.0019129125 -0.0019298198    270.16078 
 6753000  0.001927535 -0.0019355526    272.41921 
 6754000 0.0019525124 -0.0019642042    274.13981 
 6755000  0.001920477 -0.0019687777    267.44677 
 6756000 0.0020189467 -0.0020666662    272.42027 
 6757000 0.0017624282 -0.0018139609    272.78033 
 6758000 0.0018071609 -0.0018384826    270.44583 
 6759000 0.0018849256 -0.001883517    272.74624 
 6760000 0.0018418656 -0.0018616066    274.77241 
 6761000  0.001815392 -0.0018085312    276.02131 
 6762000 0.0016905804 -0.0017364726    267.52548 
 6763000 0.0016660596 -0.0016987592    269.19499 
 6764000 0.0017885155 -0.001830605    273.43242 
 6765000  0.001932828 -0.0019698326    268.46954 
 6766000 0.0019373643  -0.00195558    270.58589 
 6767000 0.0018233284 -0.0018672104     268.6166 
 6768000  0.001822074 -0.0017930426    270.01339 
 6769000 0.0018012366 -0.0018322198    270.16577 
 6770000  0.001930128 -0.0019475742    268.88318 
 6771000  0.001801071 -0.001846347    274.24813 
 6772000  0.001917519 -0.0019536539    272.04383 
 6773000 0.0018088744 -0.0018527328    272.19628 
 6774000 0.0020111248 -0.0020500745    273.14627 
 6775000 0.0019351388 -0.0019755797      271.294 
 6776000  0.001978067 -0.0019783423    266.32703 
 6777000  0.001994361 -0.002050336    275.60558 
 6778000 0.0020801942 -0.0021227934    269.48059 
 6779000 0.0018145461 -0.0018241482     268.7054 
 6780000 0.0019470389 -0.0019646428    273.85699 
 6781000 0.0019311609 -0.0019378982    272.94476 
 6782000 0.0018206285 -0.0018445947    270.23132 
 6783000 0.0019158881 -0.0019541429    265.58457 
 6784000 0.0020349021 -0.0020821333    267.70609 
 6785000 0.0018482527 -0.0018986884    270.80383 
 6786000 0.0018196532 -0.0018636383     267.6117 
 6787000 0.0017391176 -0.0017628271    272.92395 
 6788000 0.0017403915 -0.001748119    270.07256 
 6789000 0.0017930775 -0.0018474876    271.43096 
 6790000 0.0016775319 -0.0017036515    266.95722 
 6791000 0.0017676604 -0.0018033097    261.43745 
 6792000 0.0018705333 -0.0018963584     270.2564 
 6793000 0.0018142336 -0.0018035248    273.65082 
 6794000 0.0018519424 -0.0019479067    270.30604 
 6795000 0.0018111461 -0.0018286233    270.40812 
 6796000 0.0018861911 -0.0019369052    277.80886 
 6797000 0.0020081937 -0.0020211069    268.19744 
 6798000 0.0019313226 -0.001971332    270.34519 
 6799000  0.001688846 -0.001681858    272.80571 
 6800000 0.0017509491 -0.0017831984    271.02265 
 6801000 0.0018071124 -0.0018248729    273.76272 
 6802000 0.0017987403 -0.0018471824    277.66566 
 6803000 0.0019267777 -0.001908689    272.24443 
 6804000 0.0018121287 -0.0018296483    264.60948 
 6805000 0.0019425603 -0.0019421508    275.34195 
 6806000 0.0020120902 -0.0019905932    265.47286 
 6807000 0.0019267982 -0.0019382623    270.89766 
 6808000 0.0018925332 -0.0019224047    268.17541 
 6809000 0.0018478728 -0.0018531275    274.71339 
 6810000  0.001836545 -0.0018848748    271.56256 
 6811000  0.002016063 -0.0019905383    271.87044 
 6812000 0.0019364703 -0.0019582235    271.65041 
 6813000  0.001954913 -0.0019562691    264.97102 
 6814000   0.00192796 -0.0019140254    274.20722 
 6815000 0.0020690209 -0.0020794695    271.71449 
 6816000 0.0019454892 -0.0019478897    266.20737 
 6817000 0.0021406963 -0.0021481943    272.51836 
 6818000 0.0019391573 -0.0019481953    267.08794 
 6819000 0.0020218957 -0.0020010087    273.45276 
 6820000 0.0019587368 -0.0019970559    271.09281 
 6821000 0.0018571868 -0.0018628085    271.80209 
 6822000  0.001971862 -0.0019921661    276.27232 
 6823000 0.0020166683 -0.0020354491    270.85778 
 6824000 0.0019446263 -0.0019621767    267.29976 
 6825000 0.0018793788 -0.0019068337     267.5862 
 6826000 0.0018717493 -0.0018802668    271.18101 
 6827000 0.0020218923 -0.002029554    271.23581 
 6828000 0.0018836731 -0.001906514     267.4557 
 6829000 0.0018079371 -0.001826202    272.31282 
 6830000  0.001947184 -0.0019544738    268.72787 
 6831000 0.0017527466 -0.0017903502    271.03462 
 6832000  0.001746161 -0.0017518391    274.35148 
 6833000 0.0018472746 -0.0018616505     276.1469 
 6834000 0.0018015106 -0.0018458255     274.2679 
 6835000 0.0017385836 -0.0017638386    268.54596 
 6836000 0.0018248291 -0.0018607266     273.1882 
 6837000 0.0015435042 -0.0015949068    267.15561 
 6838000 0.0015394129 -0.0015754123    268.34903 
 6839000 0.0017669425 -0.0018070255    269.30606 
 6840000 0.0017718742 -0.0017839781    268.57612 
 6841000 0.0018608263 -0.0018740677     264.2488 
 6842000 0.0020621389 -0.0021464156     269.3616 
 6843000 0.0019537765 -0.0020111939    274.12046 
 6844000 0.0018637194 -0.0019247061    273.18295 
 6845000 0.0017443524 -0.0017684151    268.64915 
 6846000  0.001914807 -0.0019564992    271.74537 
 6847000 0.0018993439 -0.0019519874    273.33872 
 6848000 0.0016947396 -0.0017297163    269.31642 
 6849000 0.0019767039 -0.0020003891    271.27553 
 6850000 0.0019960913 -0.0020199851     264.5883 
 6851000 0.0019031374 -0.0019094683    270.55694 
 6852000 0.0019394395 -0.0019664359    268.67736 
 6853000 0.0018962129 -0.0019540207    268.06398 
 6854000 0.0018471441 -0.0018692539    269.16528 
 6855000 0.0020260722 -0.0020446697    270.03913 
 6856000 0.0020256969 -0.0020405098    270.71159 
 6857000 0.0020387568 -0.0020757616    267.50556 
 6858000 0.0021347739 -0.0021650191    266.92434 
 6859000 0.0019856784 -0.0020278564    269.31998 
 6860000 0.0019976876 -0.0020000709    273.65083 
 6861000 0.0019574448 -0.0019756865    267.65346 
 6862000 0.0020521229 -0.0020220382    271.39425 
 6863000 0.0019607091 -0.0019585482    266.22572 
 6864000 0.0018786615 -0.0018904009    271.01209 
 6865000 0.0017254176 -0.001780753    273.18102 
 6866000 0.0017841332 -0.0017710697     272.5255 
 6867000 0.0019824984 -0.0020534503    271.36991 
 6868000 0.0020792432 -0.002097444    271.11487 
 6869000 0.0020475228 -0.0020841279    265.41551 
 6870000 0.0021039662 -0.002126354    272.55054 
 6871000 0.0019941812 -0.0020274926    277.36583 
 6872000 0.0020090406 -0.0020432146    276.17351 
 6873000 0.0018809168 -0.0019107063    269.29815 
 6874000 0.0019148778 -0.0019760838    262.03572 
 6875000 0.0018686839 -0.0019194429    270.87184 
 6876000 0.0019689888  -0.00199279    269.90591 
 6877000 0.0019522734 -0.002006042    273.21041 
 6878000 0.0017726466 -0.0017997277    270.35052 
 6879000  0.001933079 -0.0019514319    268.41874 
 6880000  0.001787469 -0.0018228401    269.91518 
 6881000 0.0019672501 -0.002004258    268.32768 
 6882000 0.0018520848 -0.001866971    270.48393 
 6883000 0.0019836618 -0.0020255973    271.66059 
 6884000 0.0020297493 -0.0020516698    268.22445 
 6885000 0.0021797317 -0.0022072143    271.13651 
 6886000  0.002008847 -0.0020283574    268.59395 
 6887000 0.0022028412 -0.0022308175    271.61433 
 6888000 0.0018673406 -0.0018766538    271.18415 
 6889000 0.0019926002 -0.0019704175    270.53167 
 6890000 0.0019856435 -0.0020096464    269.56427 
 6891000 0.0020730526 -0.0020723371    272.78831 
 6892000 0.0020463452 -0.0020879634    268.95355 
 6893000 0.0018835992 -0.0019176015    268.49093 
 6894000 0.0017207463 -0.0017933314    271.28757 
 6895000 0.0016598615 -0.001696848    276.21388 
 6896000 0.0018950278 -0.0019082336      265.302 
 6897000 0.0020536347 -0.002072985    269.53559 
 6898000 0.0020095712 -0.0020325234    269.88928 
 6899000 0.0018621757 -0.0018758629    270.57594 
 6900000 0.0020813367 -0.002038599    270.40248 
 6901000 0.0018673038 -0.0019098492    269.23564 
 6902000 0.0019583726 -0.0019737336    269.76962 
 6903000 0.0020174933 -0.002045644    269.58739 
 6904000 0.0019702223 -0.0019856333    271.58272 
 6905000 0.0018909885 -0.0018823292    272.72087 
 6906000 0.0017338715 -0.001776038     273.1015 
 6907000 0.0018156209 -0.0018686549    270.39053 
 6908000 0.0019221514 -0.0019280469    269.48448 
 6909000 0.0018753701 -0.0018649253    269.14152 
 6910000 0.0018559323 -0.0019029118    274.65179 
 6911000 0.0019253484 -0.001925476    270.89609 
 6912000 0.0019526493 -0.0019818485    267.56854 
 6913000 0.0020844288 -0.0020891145    271.46261 
 6914000  0.002037913 -0.0020491416     265.6946 
 6915000 0.0020781548 -0.0021011261    274.87136 
 6916000 0.0021075514 -0.0021144812    268.86221 
 6917000 0.0021507033 -0.002195873    269.92525 
 6918000 0.0023224321 -0.0023100175    268.38523 
 6919000 0.0022520058 -0.002255243    271.15103 
 6920000 0.0021024693 -0.0021283434    278.23849 
 6921000 0.0021297259 -0.0021463954    271.83921 
 6922000 0.0020567023 -0.0021103788    273.01923 
 6923000 0.0020920964 -0.0020873869    268.38975 
 6924000  0.002125333 -0.0021333996    270.75468 
 6925000 0.0021999317 -0.0022321909    267.48198 
 6926000 0.0022971592 -0.0022788088    267.01276 
 6927000 0.0020230714 -0.0020680791    271.90626 
 6928000 0.0022535897 -0.0022052371    270.85933 
 6929000 0.0023116615 -0.0023403238    268.20422 
 6930000 0.0021974143 -0.0021981221     270.2982 
 6931000 0.0021174521 -0.0021303466    271.22366 
 6932000 0.0019182488 -0.0019416388    270.76413 
 6933000 0.0018300832 -0.0018758136    265.87371 
 6934000 0.0017315392 -0.0017582983    272.30708 
 6935000 0.0020334131 -0.0020478469    274.76637 
 6936000 0.0021191784 -0.0021169361    268.83801 
 6937000 0.0019683497 -0.0020071701    270.24175 
 6938000 0.0021279075 -0.0021632618    271.46145 
 6939000 0.0022049602 -0.0022122591    267.98239 
 6940000 0.0021169608 -0.0021900272    273.66357 
 6941000  0.002288651 -0.002329662    272.01274 
 6942000 0.0022017405 -0.002252125    268.91092 
 6943000  0.002073838 -0.0021350988    273.25602 
 6944000 0.0022346895 -0.0022366826    271.14442 
 6945000 0.0021478038 -0.0022063779    267.87442 
 6946000 0.0020097726 -0.0020413598    273.65491 
 6947000 0.0020706923 -0.0020653695    271.65675 
 6948000 0.0020983467 -0.0021368944    275.04195 
 6949000 0.0021314593 -0.0021680791    268.16836 
 6950000 0.0020642899 -0.0021012208    265.36127 
 6951000 0.0019728126 -0.0019928455    270.94584 
 6952000 0.0020861813 -0.0020778738    267.91048 
 6953000 0.0021476006 -0.0021179094    270.76167 
 6954000 0.0020298181 -0.0020447808    273.14387 
 6955000 0.0020292871 -0.0020613831    270.82418 
 6956000 0.0023082264 -0.0023238301    270.69737 
 6957000 0.0021754274 -0.0022294621    266.26797 
 6958000 0.0022785979 -0.0023096448    271.20741 
 6959000 0.0022038442 -0.0022221739    275.31034 
 6960000 0.0021599612 -0.0021517468    269.14425 
 6961000 0.0022081606 -0.0022221599     270.5012 
 6962000 0.0021135312 -0.0021186161    268.52124 
 6963000 0.0023712563 -0.0023793937    265.21317 
 6964000 0.0020628889 -0.0020754591    267.64403 
 6965000  0.002139886 -0.0021639222    270.97644 
 6966000 0.0020853153 -0.0020937242    267.04438 
 6967000 0.0022337842 -0.0022518947     274.9977 
 6968000 0.0022876984 -0.0023327058    265.82878 
 6969000  0.002165996 -0.0021794247     271.4253 
 6970000 0.0021402789 -0.0021628116    271.00739 
 6971000 0.0021428896 -0.0021608592    273.47866 
 6972000 0.0021459165 -0.0021999022    271.52758 
 6973000 0.0021157649 -0.0021543122     269.2346 
 6974000  0.002037616 -0.0020860044    265.17068 
 6975000   0.00219421 -0.0021974862    273.78974 
 6976000 0.0020534336 -0.0020686764     271.8983 
 6977000 0.0021752343 -0.0022085083    269.91108 
 6978000 0.0021865887 -0.0021736823    268.07204 
 6979000 0.0019468861 -0.0019733032    272.40293 
 6980000 0.0021783915 -0.0021859127    270.71311 
 6981000 0.0022186371 -0.002249851    275.37621 
 6982000 0.0021683316 -0.002162035    271.32031 
 6983000 0.0019593905 -0.0019596946    267.28127 
 6984000 0.0019305677 -0.0019170758    271.42814 
 6985000 0.0020776983 -0.0021004584    271.14361 
 6986000 0.0020974446 -0.0021238325    270.77977 
 6987000 0.0021396217 -0.0021658606    275.82765 
 6988000  0.002066107 -0.0021171565    267.53914 
 6989000 0.0018338024 -0.0018956918    272.58035 
 6990000 0.0019333504 -0.0019803331    271.22104 
 6991000 0.0019599995 -0.0019571158    275.38574 
 6992000 0.0017324032 -0.0017715145    277.19851 
 6993000 0.0017106704 -0.0017375537    271.38257 
 6994000 0.0017872651 -0.0018377047    268.01845 
 6995000 0.0016258372 -0.0016999005    270.14668 
 6996000 0.0017233267 -0.0017325385    272.12764 
 6997000 0.0017453478 -0.0017642585    266.97636 
 6998000 0.0018551442 -0.0018522618    271.40078 
 6999000 0.0017727417 -0.0018299421      269.861 
 7000000 0.0018245165 -0.001875659     270.4653 

