5000000            0            0    326.20043 
 5001000 0.00073909171 -0.00078521303    272.68764 
 5002000 0.0010356828 -0.0010955578    276.08255 
 5003000 0.0013272308 -0.0013592366    268.24062 
 5004000 0.0012244623 -0.0012549195    268.60159 
 5005000 0.0014133538 -0.0014151772     268.7164 
 5006000 0.0015586646 -0.0016014017    269.53832 
 5007000 0.0013611245 -0.0013649714    272.59279 
 5008000 0.0015230046 -0.0015394291    269.96867 
 5009000 0.0017410988 -0.0017993463    271.41064 
 5010000 0.0019593829 -0.0019780503    273.11724 
 5011000 0.0019494106 -0.0019963477    267.06121 
 5012000 0.0019047028 -0.0019492408    272.73354 
 5013000 0.0019754821 -0.0019898404    268.20691 
 5014000 0.0020176604 -0.0020594044    264.77689 
 5015000 0.0021383943 -0.0021711176    266.31205 
 5016000 0.0021427889 -0.0021970246    274.53371 
 5017000 0.0020313611 -0.0020847396    272.33901 
 5018000 0.0020496719 -0.0020694798     266.1352 
 5019000 0.0021026413 -0.0021226691    269.59157 
 5020000 0.0021637922 -0.0021781249    269.48697 
 5021000 0.0022517406 -0.0022660998    271.94684 
 5022000 0.0023565935 -0.0023993173    270.85672 
 5023000 0.0023759377 -0.0024599645    267.06883 
 5024000 0.0023540275 -0.0023827461    270.66316 
 5025000  0.002580464 -0.0025963888    266.70808 
 5026000 0.0024410537 -0.0024435963     267.3712 
 5027000  0.002260422 -0.0022725093    274.37653 
 5028000 0.0023607464 -0.0023623113    276.11035 
 5029000 0.0022844255 -0.0023242837    269.35841 
 5030000 0.0023423075 -0.0023848335    263.56616 
 5031000  0.002408865 -0.0024403196    271.13447 
 5032000 0.0024683482 -0.0024967213    271.39484 
 5033000 0.0023480248 -0.0024074378    271.72416 
 5034000 0.0024235063 -0.0024644051    273.17196 
 5035000 0.0026213071 -0.0026864152    271.29801 
 5036000 0.0025953454 -0.002625017     267.4254 
 5037000 0.0024804646 -0.002524806    276.68276 
 5038000 0.0026317971 -0.0026786918    274.84858 
 5039000 0.0026919441 -0.0027370497    268.77899 
 5040000 0.0025770588 -0.0026117652    270.14668 
 5041000 0.0027630311 -0.0027804772    270.97555 
 5042000 0.0025937498 -0.0026457205    267.21764 
 5043000 0.0024068404 -0.0024484917    269.85964 
 5044000 0.0026727811 -0.0027231073    269.80996 
 5045000 0.0027125087 -0.0027574039    270.47369 
 5046000 0.0026045736 -0.0026386851    269.25681 
 5047000 0.0028807967 -0.0029000537    269.25693 
 5048000 0.0027046608 -0.0027367665    268.78625 
 5049000 0.0027004605 -0.0027324372    272.52253 
 5050000 0.0028373707 -0.0028409244    276.72935 
 5051000 0.0027203604 -0.0027286048    274.51764 
 5052000 0.0028708297 -0.0028747889    269.02678 
 5053000 0.0026779792 -0.0027300243    269.34933 
 5054000 0.0029777976 -0.0029779752    273.81556 
 5055000 0.0029806474 -0.0030218552    272.27065 
 5056000 0.0029170437 -0.0029472391    270.53307 
 5057000 0.0029194224 -0.0029433424     269.2339 
 5058000 0.0028514598 -0.0028988253    266.29251 
 5059000 0.0026567498 -0.0027074185    271.27664 
 5060000 0.0027806674 -0.0027981831      272.083 
 5061000 0.0028826096 -0.0029269062    273.38544 
 5062000 0.0029742229 -0.0029889439    269.70511 
 5063000 0.0030063557 -0.0030545508    274.86407 
 5064000 0.0029219431 -0.0029502853    273.18649 
 5065000 0.0029950826 -0.0030251563    276.11201 
 5066000 0.0028866044 -0.0029413085    269.43769 
 5067000 0.0028639462 -0.002870411    270.09852 
 5068000 0.0030487946 -0.0030777418    272.20029 
 5069000 0.0028420942 -0.0028525704    272.25538 
 5070000 0.0027371756 -0.0027999047    271.28929 
 5071000 0.0029458552 -0.0029874008    265.68459 
 5072000 0.0032744475 -0.0032846678    269.88793 
 5073000 0.0031339454 -0.0031800813    264.67615 
 5074000 0.0031041675 -0.0031411701    271.40885 
 5075000 0.0033767046 -0.0033949786    269.83059 
 5076000 0.0032917122 -0.003320647    268.82851 
 5077000 0.0030896315 -0.0031376906    267.58302 
 5078000  0.003070483 -0.0031034059    271.15895 
 5079000 0.0030823124 -0.0031410975    266.65337 
 5080000 0.0032329422 -0.0032759126     268.9396 
 5081000 0.0032531075 -0.0032992562    269.48635 
 5082000 0.0033476787 -0.003391885    270.56504 
 5083000 0.0031594398 -0.0031896649    275.19402 
 5084000 0.0031781983 -0.0032603159    268.51501 
 5085000 0.0031316468 -0.0031807872    270.17584 
 5086000 0.0031875398 -0.003235608    272.24667 
 5087000 0.0030338621 -0.003128777     274.4666 
 5088000 0.0031606146 -0.0032030357    268.58904 
 5089000  0.003139892 -0.0031812281    271.35026 
 5090000 0.0031176756 -0.0031579569    270.63051 
 5091000 0.0033831528 -0.0034339508    270.58762 
 5092000 0.0032459561 -0.0032438322    268.11828 
 5093000  0.003247685 -0.0032379397    270.77655 
 5094000 0.0031303337 -0.0031814154    268.70705 
 5095000 0.0033820793 -0.0033890217    274.01418 
 5096000 0.0032726206 -0.0032933271    272.12398 
 5097000 0.0033423888 -0.0033551382    267.91469 
 5098000 0.0033468885 -0.0034175343    271.74827 
 5099000 0.0033327983 -0.0033914031    272.50301 
 5100000 0.0034156951 -0.0034486691    270.78893 
 5101000 0.0034728582 -0.0034808722    268.26082 
 5102000 0.0033294219 -0.0033470623    268.72246 
 5103000 0.0032254323 -0.0033129026    271.38534 
 5104000  0.003422824 -0.0034682368    265.38597 
 5105000 0.0034868697 -0.0035117645    274.28793 
 5106000 0.0032648231 -0.0032859745     271.4712 
 5107000 0.0036111263 -0.0036400804    268.14308 
 5108000 0.0034973935 -0.003530112    271.32175 
 5109000 0.0036359805 -0.003654423    272.71237 
 5110000 0.0034212619 -0.0034397093    271.21894 
 5111000 0.0034846272 -0.0035728478    267.98124 
 5112000 0.0033128134 -0.0033213737    266.05765 
 5113000 0.0032095726 -0.0032563599    274.27377 
 5114000 0.0034386648 -0.0034639328    274.08671 
 5115000 0.0033878135 -0.0034190658    271.10174 
 5116000 0.0034363288 -0.0034859704    269.84485 
 5117000 0.0034305001 -0.0034468767    274.33947 
 5118000  0.003350343 -0.0034011688    272.82992 
 5119000 0.0032973636 -0.0033569357    265.76852 
 5120000 0.0035215316 -0.0035647831    270.78802 
 5121000 0.0036820158 -0.0037304601    268.34004 
 5122000 0.0035778327 -0.0036352223    270.01906 
 5123000  0.003635921 -0.0036407085    273.09359 
 5124000 0.0036224541 -0.0036787773    270.87315 
 5125000 0.0036199919 -0.0036361203    273.52331 
 5126000 0.0036450587 -0.0036783601    272.90572 
 5127000 0.0035716555 -0.0035792555    269.97593 
 5128000 0.0035124723 -0.0035433233     275.6935 
 5129000 0.0035349994 -0.0035462091    266.49168 
 5130000 0.0037062487 -0.0037366998    272.12058 
 5131000 0.0036097733 -0.0036505241    270.43661 
 5132000 0.0035086962 -0.0035288914    274.98441 
 5133000 0.0035109599 -0.0035322041    272.56296 
 5134000 0.0036492203 -0.0037016543    270.10173 
 5135000 0.0034783832 -0.0035051112    273.94807 
 5136000 0.0035156932 -0.0035451267    271.13002 
 5137000 0.0034658456 -0.0034873634    264.57203 
 5138000   0.00350267 -0.0034992346    271.76091 
 5139000 0.0034593843 -0.0034725798     271.7129 
 5140000 0.0036698618 -0.0036942639    268.61026 
 5141000 0.0035824822 -0.0036037811    268.25974 
 5142000 0.0036242696 -0.0036487067    271.44438 
 5143000 0.0034854688 -0.0035212576    276.27585 
 5144000 0.0034333848 -0.0034834762    272.65053 
 5145000 0.0035368627 -0.0035910361    265.78948 
 5146000 0.0035654226 -0.0035805612    269.74376 
 5147000 0.0033452662 -0.003377628    272.77399 
 5148000 0.0035404944 -0.0035694476    271.17514 
 5149000 0.0036599027 -0.0036933411    273.40436 
 5150000 0.0035583062 -0.003574584    270.78982 
 5151000  0.003478319 -0.0034973192    273.87895 
 5152000 0.0034256042 -0.0034667959    273.50398 
 5153000 0.0035619882 -0.0035998292    270.76745 
 5154000 0.0037585554 -0.0038341799    267.13919 
 5155000 0.0035744347 -0.0036142912    271.59655 
 5156000 0.0034200401 -0.0034572856    273.40489 
 5157000 0.0036449209 -0.0036902716    269.49766 
 5158000 0.0035981374 -0.0036666413    266.53394 
 5159000 0.0034956521 -0.0035187643    270.21525 
 5160000 0.0035809915 -0.0036164326    276.23526 
 5161000 0.0036181521 -0.0036544621    265.86095 
 5162000 0.0035938669 -0.0036505516     269.9972 
 5163000 0.0034383533  -0.00348404    269.93307 
 5164000 0.0034562961 -0.003502758    269.96055 
 5165000 0.0034658554 -0.0035141383    272.07504 
 5166000 0.0034009186 -0.0034024327    271.69365 
 5167000  0.003645576 -0.0036999132    271.90755 
 5168000 0.0035151851 -0.0035378908    269.61506 
 5169000 0.0036344041 -0.0036379283    271.33473 
 5170000 0.0035947999 -0.0036090875     271.7173 
 5171000 0.0038000462 -0.0038199691      264.587 
 5172000 0.0035964798 -0.0035914863    270.75641 
 5173000 0.0036657471 -0.0036807587    274.31598 
 5174000 0.0035995194 -0.0035967103    269.90361 
 5175000 0.0036400348 -0.0036658239     273.2005 
 5176000 0.0036976944 -0.0037048123      270.498 
 5177000 0.0036084435 -0.0036194212    268.69877 
 5178000 0.0037281575 -0.0037164545    275.06604 
 5179000 0.0035293233 -0.0035324789    270.41517 
 5180000 0.0033666855 -0.0034236278    268.80297 
 5181000 0.0034875824 -0.0035029684    272.77228 
 5182000 0.0033526312 -0.003412109    269.81978 
 5183000 0.0034113814 -0.0034528828    267.57597 
 5184000 0.0033248455 -0.0033442559    269.18244 
 5185000 0.0036472783 -0.0036839826    276.15442 
 5186000 0.0035961733 -0.0036096749    271.60682 
 5187000 0.0036245994 -0.0036538846    272.36007 
 5188000 0.0035955956 -0.0036413273    269.36902 
 5189000 0.0034796295 -0.003482788    263.49918 
 5190000 0.0034543564 -0.0034545966    274.03387 
 5191000 0.0035484691 -0.0035916163    270.59268 
 5192000 0.0036230164 -0.0036722342    270.52345 
 5193000 0.0035296115 -0.0035619232    266.80495 
 5194000 0.0036497902 -0.0037099478    267.47079 
 5195000 0.0036129435 -0.0036317275    269.41887 
 5196000 0.0035833265 -0.003632294    270.48882 
 5197000 0.0038409485 -0.0038606598    274.95074 
 5198000 0.0036686818 -0.0036448953    276.98829 
 5199000 0.0035944915 -0.0035908964    273.75025 
 5200000 0.0036598779 -0.0036912066    267.34955 
 5201000 0.0035848158 -0.0036002058    272.03866 
 5202000 0.0034617901 -0.0034688713    265.84109 
 5203000 0.0035103766 -0.0035155683    276.98142 
 5204000  0.003532043 -0.0035687345    269.78834 
 5205000 0.0035396933 -0.0035464429    271.18474 
 5206000  0.003440048 -0.0034761975     271.9159 
 5207000 0.0036691276 -0.0036906112    267.57008 
 5208000 0.0036497904 -0.0036773456    269.33891 
 5209000 0.0037137969 -0.0037345965    268.89157 
 5210000 0.0035924387 -0.0036609183    271.19806 
 5211000 0.0036125765 -0.0035912829     273.3848 
 5212000 0.0034487187 -0.0034357939    271.93753 
 5213000 0.0034781243 -0.0035038962    273.65838 
 5214000 0.0035537724 -0.0035776578    271.44178 
 5215000 0.0037611369 -0.0037708679    267.14755 
 5216000 0.0038283286 -0.0038695582    268.17678 
 5217000 0.0036831827 -0.0036911236    271.48019 
 5218000 0.0035781434 -0.0035796891    273.08345 
 5219000 0.0037206819 -0.0037299642    267.32555 
 5220000 0.0037463978 -0.0037806894    270.52883 
 5221000 0.0037906345 -0.0038378092    269.89895 
 5222000 0.0037893976 -0.0037780138    268.77358 
 5223000 0.0038460795 -0.0038545919    272.27303 
 5224000 0.0036751429 -0.0036511078    270.73328 
 5225000 0.0036044452 -0.0035880026    272.41087 
 5226000 0.0036405296 -0.0036642886    269.05657 
 5227000 0.0035398445 -0.0035859887    270.60896 
 5228000 0.0036062371 -0.0036024515    270.59847 
 5229000   0.00360769 -0.0036279574    273.42518 
 5230000 0.0037422708 -0.0037427986    270.65375 
 5231000 0.0037889608 -0.0037441452     273.8603 
 5232000 0.0037749393 -0.0037975803    269.86249 
 5233000 0.0037226516 -0.0037445724    272.14958 
 5234000 0.0038149486 -0.0038098161    272.02647 
 5235000 0.0037150117 -0.003727771    267.25279 
 5236000  0.003693861 -0.0037078849    265.22726 
 5237000 0.0036423216 -0.0036755132    274.12161 
 5238000 0.0037450049 -0.0037220949    273.30868 
 5239000 0.0035979651 -0.0036245442    268.20151 
 5240000  0.003608293 -0.0036501363     266.2879 
 5241000   0.00369473 -0.0036809662    270.76841 
 5242000 0.0035417189 -0.0035399275    274.24292 
 5243000 0.0037916884 -0.0037990396      266.921 
 5244000 0.0036464821 -0.0036649356    264.51498 
 5245000 0.0036148164 -0.0036081268    271.07692 
 5246000  0.003690333 -0.0037143471    268.06388 
 5247000 0.0035816488 -0.0036035609    267.61036 
 5248000 0.0033391683 -0.0033865259    273.78334 
 5249000 0.0035481614 -0.0035448723    270.52054 
 5250000 0.0036873477 -0.0037077524    268.02008 
 5251000 0.0034555129 -0.0034584974    268.79142 
 5252000 0.0035682263 -0.0035723041    270.20339 
 5253000 0.0035161928 -0.0035346683    272.79633 
 5254000 0.0036350718 -0.0036699929    272.99484 
 5255000 0.0036468382 -0.0036938902    274.78601 
 5256000 0.0034255611 -0.0033945279    269.58419 
 5257000  0.003529489 -0.0034857744    272.62572 
 5258000 0.0035888354 -0.0035508061    273.90526 
 5259000 0.0034877214 -0.0035008069    270.37337 
 5260000 0.0032816221 -0.0032962352    274.09738 
 5261000 0.0032179163 -0.0032463757    268.38425 
 5262000 0.0032684408 -0.0033387847     268.1258 
 5263000  0.003238396 -0.0032586809    275.34332 
 5264000 0.0033145506 -0.0033256917    269.92983 
 5265000 0.0031762325 -0.0031813261    268.04336 
 5266000 0.0032868873 -0.0032829173    275.42598 
 5267000 0.0031819066 -0.0031970898    267.93417 
 5268000 0.0031593753 -0.0032312163    273.69278 
 5269000 0.0030435965 -0.0030532152    269.07378 
 5270000 0.0031193051 -0.0031168978    273.85123 
 5271000  0.003442849 -0.0034748317    271.30447 
 5272000 0.0033298856 -0.003338809     267.4994 
 5273000 0.0035557896 -0.0035899418    272.83193 
 5274000 0.0032980435 -0.0033139563    272.56467 
 5275000 0.0033049379 -0.0033137115     267.5857 
 5276000 0.0031852785 -0.0032403997    274.68123 
 5277000 0.0033009245 -0.0033198189    272.83766 
 5278000 0.0033409775 -0.0033282931    274.35735 
 5279000 0.0031001816 -0.0030734896    271.44271 
 5280000 0.0030994298 -0.0030940143    272.29115 
 5281000  0.003131649 -0.0031345727     273.9368 
 5282000  0.003004045 -0.0030084235    268.66785 
 5283000 0.0031171543 -0.0031296661    269.98172 
 5284000 0.0031727685 -0.0031951949    268.20965 
 5285000 0.0031123526 -0.0031204846    274.70101 
 5286000 0.0032023585 -0.0031977813    273.54733 
 5287000 0.0031103204 -0.0031384487    265.73431 
 5288000 0.0032066792 -0.0031953594    270.79006 
 5289000 0.0032358502 -0.0032464347    275.08201 
 5290000 0.0031203324 -0.0031441676    269.64038 
 5291000 0.0031635158 -0.003158165    269.07014 
 5292000 0.0032445562 -0.0032609301    270.59226 
 5293000 0.0030275876 -0.0030451405    270.39843 
 5294000 0.0030366834 -0.0030668875    273.53405 
 5295000 0.0029977749 -0.0030299014    270.28849 
 5296000 0.0030829654 -0.003097189    270.94132 
 5297000 0.0030801258 -0.003127786    274.04154 
 5298000 0.0030104122 -0.0030399648    269.11913 
 5299000 0.0031778771 -0.0031956112    273.34392 
 5300000 0.0030879885 -0.0031217405    270.75198 
 5301000 0.0031578587 -0.0031754736    271.31974 
 5302000 0.0032042654 -0.0032239289    274.45723 
 5303000 0.0032735356 -0.0032700837    272.36194 
 5304000 0.0032830269 -0.0032856744    269.78381 
 5305000 0.0032325438 -0.0032519791    270.28315 
 5306000 0.0032507727 -0.0032491188    269.64277 
 5307000 0.0032140992 -0.0032455517    274.98777 
 5308000 0.0032660103 -0.0032883646     270.3614 
 5309000 0.0030886999 -0.0031311471    277.77804 
 5310000   0.00321047 -0.0032365776     268.5117 
 5311000  0.003201298 -0.0031968842    274.61095 
 5312000 0.0032568636 -0.0033200641     272.6478 
 5313000  0.003325316 -0.0032898366    271.55175 
 5314000 0.0030569668 -0.0030474052    273.61291 
 5315000 0.0031774371 -0.0031796269    275.18675 
 5316000 0.0032326778 -0.0032242854     272.2976 
 5317000 0.0031332268 -0.0031627926    266.30373 
 5318000 0.0031115852 -0.0031255667    271.34573 
 5319000 0.0031581642 -0.0031616972    272.21615 
 5320000 0.0030491851 -0.0030550024     270.3124 
 5321000 0.0033109044 -0.0033406355    268.74181 
 5322000 0.0034442285 -0.0034313594    264.30068 
 5323000 0.0033794222 -0.0034218821    268.79288 
 5324000  0.003167446 -0.0032347423    264.89969 
 5325000 0.0033871889 -0.0034110256    270.43834 
 5326000 0.0033927743 -0.0034330565     274.6539 
 5327000 0.0035648154 -0.0035549591    268.06445 
 5328000 0.0038042392 -0.0038170156    273.28965 
 5329000 0.0034762416 -0.0035226453    275.53927 
 5330000 0.0036126794 -0.0036169878    264.82735 
 5331000 0.0036019348 -0.0036070063    271.86767 
 5332000 0.0034345176 -0.0034353216    270.12466 
 5333000 0.0035289253 -0.0035553417    272.15872 
 5334000 0.0035912299 -0.0035856326    269.74112 
 5335000 0.0036298145 -0.0036445101    271.09682 
 5336000 0.0036276741 -0.0036710144     269.6954 
 5337000 0.0034965957 -0.0035083253    270.85798 
 5338000  0.003658388 -0.0036989261    268.73808 
 5339000 0.0033799467 -0.0033908274    271.19939 
 5340000 0.0033569775 -0.0033659949    273.03078 
 5341000  0.003454612 -0.003456245    271.73651 
 5342000 0.0033991587 -0.0034058142    271.79479 
 5343000 0.0035502105 -0.0035369129    271.27242 
 5344000  0.003307683 -0.0033622627    271.68835 
 5345000 0.0035528132 -0.003549988    273.29528 
 5346000 0.0036667057 -0.0036857894    269.74453 
 5347000 0.0037541896 -0.0037685951     267.5023 
 5348000 0.0035616881 -0.0035721902    273.49468 
 5349000 0.0033926381 -0.0034345321    267.24933 
 5350000 0.0032829121 -0.0032909126    271.25466 
 5351000 0.0035686794 -0.0035914962    271.55167 
 5352000 0.0033835864 -0.0034120684     270.9921 
 5353000 0.0033299607 -0.0033486464    271.48795 
 5354000 0.0032886199 -0.0032747011     270.7911 
 5355000 0.0033107617 -0.0033190033     272.7877 
 5356000 0.0033089505 -0.0033094163    271.49358 
 5357000 0.0031757023 -0.0031892494    271.52463 
 5358000 0.0030888441 -0.0030941295       270.25 
 5359000 0.0031454517 -0.003142773    274.91987 
 5360000 0.0032018282 -0.0031838631    267.21847 
 5361000 0.0034177189 -0.0034235058    268.82886 
 5362000 0.0034031232 -0.0034207556    273.84846 
 5363000 0.0033236768 -0.0033593721    265.88959 
 5364000 0.0032103333 -0.0032460983    270.63008 
 5365000   0.00331507 -0.003326291    272.96212 
 5366000 0.0031922293 -0.0032193445    269.03933 
 5367000 0.0034593499 -0.0034546252    272.07761 
 5368000 0.0032078468 -0.0032421397    267.65896 
 5369000 0.0033216185 -0.0032904251    275.90607 
 5370000 0.0033794949 -0.0033841467    271.10971 
 5371000 0.0033189885 -0.0033149187    274.20414 
 5372000 0.0032733018 -0.0032810335    269.51487 
 5373000 0.0033478063 -0.0033529127    270.53255 
 5374000 0.0032454202 -0.0032572624      273.828 
 5375000 0.0033526411 -0.0033821441    271.27728 
 5376000 0.0035071372 -0.0035269305    275.55321 
 5377000 0.0034699658  -0.00349683    272.47545 
 5378000 0.0033325618 -0.0033710861    271.16764 
 5379000 0.0034379094 -0.0034312977     269.1041 
 5380000  0.003396649 -0.0034124861    268.82046 
 5381000 0.0032123767 -0.003230231    273.34968 
 5382000 0.0033595551 -0.0033956509    271.35205 
 5383000 0.0032970518 -0.0033368512    276.12976 
 5384000  0.003300524 -0.0033452106    272.01833 
 5385000 0.0033216778 -0.0033265094    272.49347 
 5386000 0.0033081786 -0.0033431623    268.28329 
 5387000  0.003180031 -0.0032291152    271.35395 
 5388000 0.0032705601 -0.0033080704    270.94327 
 5389000 0.0032979829 -0.0033282182    276.46167 
 5390000 0.0031561713 -0.0031834702    269.73195 
 5391000 0.0031086775 -0.0031909002    269.02658 
 5392000 0.0032858321 -0.0033041974    265.07094 
 5393000 0.0032825737 -0.0033130815    264.30363 
 5394000 0.0032613457 -0.0032754065    269.64132 
 5395000 0.0031800638 -0.0032387198    270.09763 
 5396000 0.0031245157 -0.0031279273    270.72567 
 5397000 0.0030848769 -0.003133486    272.24194 
 5398000 0.0032416634 -0.0032858624    268.48984 
 5399000 0.0033972842 -0.003436478     270.7785 
 5400000 0.0032210254 -0.0032309739    270.05071 
 5401000 0.0032801402 -0.0033002863    263.91357 
 5402000 0.0033150623 -0.0033189618     271.1096 
 5403000 0.0034644315 -0.0035093525    273.48819 
 5404000 0.0034672945 -0.0034692325    276.53178 
 5405000 0.0035021412 -0.0035038774    269.71671 
 5406000 0.0033791718 -0.0033989858    267.13854 
 5407000 0.0032810947 -0.0032810213    270.36287 
 5408000 0.0033318909 -0.0033417029    270.21013 
 5409000 0.0033483569 -0.0033903491    271.96586 
 5410000 0.0034254116 -0.0034434361    266.39076 
 5411000 0.0032333207 -0.003300854    269.69004 
 5412000 0.0034530095 -0.0034594341    273.05693 
 5413000 0.0035380357 -0.0036039878    267.36905 
 5414000 0.0034694672 -0.0034728022    268.00948 
 5415000 0.0036358155 -0.0036320982    268.38347 
 5416000  0.003474138 -0.0035093216    271.71865 
 5417000 0.0035730127 -0.003569658    271.72674 
 5418000 0.0035594722 -0.0035852345    272.49375 
 5419000 0.0036019014 -0.0036281113    268.27964 
 5420000 0.0036225317 -0.0036522024    271.40169 
 5421000 0.0035279128 -0.0036064623    268.49664 
 5422000 0.0036136353 -0.0036563821     273.5647 
 5423000 0.0034509544 -0.0034977248    269.50007 
 5424000 0.0034672801 -0.0034925245    272.93511 
 5425000 0.0034299917 -0.0034937337    273.56513 
 5426000 0.0034312527 -0.0034450007    267.68286 
 5427000 0.0034829701 -0.0034682302    270.14939 
 5428000 0.0034685603 -0.0035160827    271.04621 
 5429000 0.0034703047 -0.0034680478    267.57503 
 5430000 0.0034679212 -0.0034929301    274.98059 
 5431000 0.0033586561 -0.0033928782    269.41057 
 5432000 0.0036265288 -0.0036311754    274.06605 
 5433000  0.003556919 -0.0035548401    268.34986 
 5434000 0.0035952494 -0.0036197429    266.11986 
 5435000   0.00352133 -0.0035409609    272.13585 
 5436000 0.0035980817 -0.0036172935    272.89267 
 5437000 0.0035232913 -0.0035377166    271.28156 
 5438000 0.0032820486 -0.0033197615    269.58382 
 5439000 0.0034588856 -0.0035055871    275.64158 
 5440000 0.0035724371 -0.003623365    273.58918 
 5441000 0.0036991946 -0.0037411905    267.75969 
 5442000 0.0036486199 -0.0036693268    270.56111 
 5443000 0.0034917287 -0.0035285473    269.01462 
 5444000 0.0034928725 -0.0035485353    268.91931 
 5445000 0.0035956672 -0.0036090084    273.70901 
 5446000 0.0036467962 -0.0036899807    269.50482 
 5447000 0.0035508371 -0.0035935341    268.06392 
 5448000 0.0036194125 -0.0036652239    273.70851 
 5449000 0.0036661333 -0.003681114    273.62777 
 5450000 0.0034347355 -0.0034417299    273.68474 
 5451000 0.0036137178 -0.0036469893    272.29456 
 5452000 0.0033216694 -0.0033691206    268.39353 
 5453000 0.0032425437 -0.0032723562    271.10862 
 5454000 0.0031495342 -0.0032138431    272.70439 
 5455000 0.0033177781 -0.0033263625     270.9729 
 5456000 0.0032927096 -0.0032848736    268.96593 
 5457000 0.0033478294 -0.003350652    266.62114 
 5458000 0.0032281014 -0.0032533873    271.75838 
 5459000 0.0033017168 -0.0033432349      270.629 
 5460000 0.0035858707 -0.0035902385    267.72054 
 5461000 0.0035951201 -0.0035886277    272.25129 
 5462000 0.0034221015 -0.0034502288     266.1595 
 5463000 0.0036094475 -0.0035783292    269.97724 
 5464000 0.0036618724 -0.0036792621    272.62624 
 5465000 0.0037176502 -0.0037566823    274.33073 
 5466000 0.0035713885 -0.0035886924      266.289 
 5467000 0.0036985506 -0.0036834028    271.09659 
 5468000 0.0034366162 -0.0034499416    268.58726 
 5469000 0.0037512593 -0.003768618    269.19031 
 5470000 0.0037318663 -0.0037091536    271.23872 
 5471000 0.0037653245 -0.0038193923    269.53003 
 5472000 0.0038715893 -0.0038932376    272.31867 
 5473000 0.0037225638 -0.0037329744    271.52918 
 5474000 0.0037099536 -0.0037164187    267.65771 
 5475000 0.0036121376 -0.0036505781    270.36328 
 5476000 0.0035643799 -0.0035918439    268.19465 
 5477000  0.003455351 -0.0034854853    275.03965 
 5478000 0.0035821867 -0.0036098803    270.65502 
 5479000 0.0035115689 -0.0035057679    268.30679 
 5480000 0.0035481641 -0.0035957795    275.12066 
 5481000 0.0038101516 -0.0038325361     269.1161 
 5482000 0.0037913078 -0.003821912    273.59675 
 5483000 0.0036687966 -0.0037356364    273.10958 
 5484000 0.0036425842 -0.0036718048     276.0571 
 5485000 0.0034830548 -0.0035237657    273.76107 
 5486000 0.0033669765 -0.0034167142     266.1718 
 5487000 0.0034276381 -0.0034966496    272.14614 
 5488000 0.0035056904 -0.0035106074    265.50936 
 5489000 0.0034110342 -0.0034362599    271.19223 
 5490000 0.0032822775 -0.0032974571    271.22164 
 5491000 0.0035080268 -0.0035697722    270.29788 
 5492000 0.0036104305 -0.0036258551     268.9304 
 5493000 0.0035872099 -0.0036269032     275.1609 
 5494000 0.0036439821 -0.003653117    271.10404 
 5495000 0.0034804309 -0.003527281    274.86596 
 5496000 0.0033410369 -0.0033578436    265.50693 
 5497000 0.0034976111 -0.0035218932    268.03471 
 5498000 0.0033765102 -0.0033722897    275.18831 
 5499000 0.0035215583 -0.0035542646    270.75233 
 5500000 0.0035217188 -0.0035403579    273.26762 
 5501000 0.0036958276 -0.0037229207    268.28973 
 5502000 0.0036313792 -0.0036465932     267.2205 
 5503000 0.0035078043 -0.0035244604    274.40663 
 5504000 0.0035438396 -0.0035260934    270.59699 
 5505000 0.0035250819  -0.00352636    272.38317 
 5506000 0.0035359447 -0.0035654857      269.864 
 5507000 0.0039882547 -0.0039867411    269.10879 
 5508000 0.0037555989 -0.003711987     273.2326 
 5509000 0.0037058864 -0.0037214422    270.23677 
 5510000  0.003586993 -0.0036084972    270.77065 
 5511000 0.0035258403 -0.0035372068    269.17397 
 5512000 0.0035029477 -0.0034961186    270.72731 
 5513000 0.0034701095 -0.0034825427    270.15321 
 5514000 0.0033933942 -0.0034052391    269.81832 
 5515000 0.0035544324 -0.0035766557    273.46153 
 5516000 0.0036401454 -0.0036478318    275.26153 
 5517000 0.0033530865 -0.0033688485    273.71376 
 5518000 0.0035702739 -0.0035970467    270.84606 
 5519000 0.0035746961 -0.0035882124    269.83394 
 5520000 0.0036891218 -0.0036935061    271.75686 
 5521000 0.0038188622 -0.0037961309    269.89842 
 5522000 0.0036214441   -0.0036383    272.29807 
 5523000 0.0036613418 -0.0036598492    269.86771 
 5524000  0.003582583 -0.0036075078    269.88696 
 5525000 0.0036612169 -0.0036796561    272.61364 
 5526000 0.0035689214 -0.0035822707    270.66884 
 5527000   0.00354515 -0.0035422769    269.05025 
 5528000 0.0035739279 -0.0035882097    274.52691 
 5529000 0.0035810174 -0.0036255294    269.38805 
 5530000 0.0034962006 -0.0035067636    272.45598 
 5531000 0.0034552578 -0.0034953719    272.43228 
 5532000 0.0034745346 -0.003489912    273.01866 
 5533000 0.0035072131 -0.0034819008    274.67507 
 5534000 0.0034387935 -0.0034657672    270.60524 
 5535000 0.0035291247 -0.0035194661     276.0802 
 5536000 0.0035186543 -0.0035191486    272.88822 
 5537000 0.0033593138 -0.0034291346    271.73575 
 5538000 0.0036312953 -0.0036580081    276.80116 
 5539000 0.0038111548 -0.0038190675    272.97525 
 5540000 0.0036794825 -0.0036834185    273.49651 
 5541000 0.0034490348 -0.0034553282    271.52696 
 5542000 0.0033422942 -0.0033748845    267.41829 
 5543000 0.0032825375 -0.0032989246    267.10417 
 5544000 0.0033470552  -0.00335505    273.50283 
 5545000 0.0034993815 -0.0035168087    271.62766 
 5546000 0.0034646765 -0.0034753762    268.73365 
 5547000 0.0035347636 -0.0035645499    273.27167 
 5548000  0.003500465 -0.0034890903     271.0817 
 5549000 0.0032884951 -0.0032662923    270.69501 
 5550000 0.0034140509 -0.0034326812    274.43161 
 5551000 0.0034140165 -0.0034167791    271.08048 
 5552000 0.0035644254 -0.0035794552    267.55512 
 5553000 0.0034212744 -0.0034704173    276.35542 
 5554000 0.0034988371 -0.0035307847    268.98338 
 5555000 0.0033712072 -0.003393824    268.04328 
 5556000  0.003423777 -0.0034384217     271.4839 
 5557000 0.0034409851 -0.0034818795     274.8428 
 5558000 0.0035185368 -0.0035372432    263.86147 
 5559000 0.0034845099 -0.0035159211    270.41531 
 5560000 0.0033659772 -0.0033790774    273.87779 
 5561000 0.0033178066 -0.0033135702    270.75809 
 5562000 0.0036763184 -0.0037042324     268.1471 
 5563000 0.0035651615 -0.0035920835    271.19651 
 5564000 0.0036052373 -0.0035886114     273.0432 
 5565000 0.0036381383 -0.0036675056    270.91125 
 5566000 0.0035045166 -0.0035065298    269.58589 
 5567000 0.0037096934 -0.0037371788    275.24892 
 5568000 0.0035344854 -0.0035523119    273.93595 
 5569000 0.0035295851 -0.0035376147    262.35517 
 5570000 0.0036710184 -0.0036489995    268.47021 
 5571000 0.0036435235 -0.0036594297    272.82634 
 5572000 0.0037392811 -0.0037603684    272.93208 
 5573000 0.0033556213 -0.0033470677    270.99437 
 5574000 0.0036101603 -0.0035847862    271.61445 
 5575000 0.0037364067 -0.0037239083    267.29668 
 5576000 0.0035376589 -0.0035591955    272.36757 
 5577000 0.0036963862 -0.003742256    265.54623 
 5578000 0.0035736767 -0.003586219     270.9192 
 5579000  0.003534737 -0.0035428826    269.98279 
 5580000 0.0036128101 -0.0036066296    273.47441 
 5581000 0.0037043326 -0.0037116752    269.48569 
 5582000 0.0036772187 -0.0036585595    268.03515 
 5583000 0.0036347222 -0.003646054    273.72003 
 5584000 0.0037874628 -0.0038024165    269.37071 
 5585000 0.0036227342 -0.0036398951    272.30135 
 5586000 0.0036216664 -0.003655148    268.21592 
 5587000 0.0036055195 -0.0036014987     269.8203 
 5588000 0.0035238602 -0.0035300335    271.63654 
 5589000 0.0035485016 -0.0035726834    266.33941 
 5590000 0.0036892061 -0.0037330441    268.41315 
 5591000 0.0036606486 -0.003680609    271.95133 
 5592000 0.0037621303 -0.0037610197    269.11621 
 5593000 0.0036598982 -0.0036986729     274.6492 
 5594000 0.0037131579 -0.0037113694    271.89028 
 5595000 0.0037096523 -0.0036954317    268.65852 
 5596000 0.0039493443 -0.0039614022    274.26737 
 5597000  0.003832965 -0.0038348689    271.22593 
 5598000 0.0037804415 -0.003812891    273.91607 
 5599000 0.0039189799 -0.0039648312    276.60073 
 5600000 0.0038458519 -0.0038618364    275.28962 
 5601000 0.0039743638 -0.0039616731    275.94375 
 5602000 0.0036982823 -0.0037120022    267.17869 
 5603000 0.0035987472 -0.003601745    274.70543 
 5604000 0.0037370109 -0.0037148297    270.23981 
 5605000 0.0038651741 -0.0038705132    270.02234 
 5606000 0.0036882351 -0.0036588292    266.90636 
 5607000 0.0036689737 -0.0036876666    274.63267 
 5608000 0.0037255386 -0.0037108576    274.48672 
 5609000 0.0037353742 -0.0037303551    269.01553 
 5610000 0.0037635893 -0.0038040047      268.798 
 5611000  0.003849479 -0.0038516974    272.00013 
 5612000 0.0039235178 -0.0039359247    271.89676 
 5613000 0.0039930471 -0.0040180015    267.55664 
 5614000 0.0040017422 -0.0040076731    272.34845 
 5615000 0.0039527749  -0.00395827    267.21657 
 5616000  0.004038536 -0.0040826158    273.02997 
 5617000 0.0040451812 -0.0040297519    269.00211 
 5618000 0.0040659446 -0.0040565711    270.29584 
 5619000 0.0042212272 -0.0042160067     269.1901 
 5620000 0.0042472209 -0.0042549705    276.79046 
 5621000 0.0042077494 -0.0041815207    268.00538 
 5622000 0.0041091582 -0.0041297129    272.46019 
 5623000 0.0042460465 -0.0042577884    269.81697 
 5624000 0.0041912179 -0.0041827309    277.00591 
 5625000 0.0040058111 -0.0040053629    270.12738 
 5626000 0.0039140582 -0.0039300566    267.58614 
 5627000  0.004082702 -0.0040635075    272.74467 
 5628000 0.0037454821 -0.0037498019    272.65048 
 5629000 0.0038853729 -0.0038989731    270.77842 
 5630000 0.0036463305 -0.0036393012    268.41484 
 5631000 0.0035862503 -0.0035913535    273.27357 
 5632000 0.0035844952 -0.003573439     271.6424 
 5633000 0.0038045572 -0.0037996071    271.39111 
 5634000 0.0036430383 -0.0036322446    272.19774 
 5635000 0.0038429199 -0.0038447011    269.27948 
 5636000 0.0039032101 -0.0039080674     266.2893 
 5637000 0.0039744541 -0.0039773157    272.98845 
 5638000 0.0038749466 -0.0039024378    270.76287 
 5639000 0.0037825213 -0.0038253488    269.34589 
 5640000 0.0038664288 -0.0039026704    269.32216 
 5641000 0.0038417435 -0.0038613905    273.06972 
 5642000 0.0038930734 -0.0039362097    275.08547 
 5643000 0.0037404443 -0.0037668386      269.693 
 5644000 0.0038958411 -0.003895344    272.65542 
 5645000 0.0038609628 -0.0038875345    271.73323 
 5646000 0.0038321149 -0.0038480191     271.2215 
 5647000 0.0039408207 -0.0039237126    267.54959 
 5648000 0.0038544501 -0.0038639005    272.95258 
 5649000 0.0040003226 -0.0040442955    272.93341 
 5650000  0.003934204 -0.0039556697    266.81588 
 5651000  0.004158862 -0.0042080505    272.17717 
 5652000 0.0041255114 -0.0041407751     270.9167 
 5653000 0.0040897966 -0.0041315108     272.2496 
 5654000 0.0040202255 -0.0040451155    271.57455 
 5655000 0.0040278152 -0.0040437261    267.44618 
 5656000 0.0039465288 -0.0039543053    267.59311 
 5657000 0.0042312869 -0.0042554012    275.36752 
 5658000 0.0042020049 -0.0042539661    269.00076 
 5659000 0.0040859741 -0.0041411824    274.53961 
 5660000 0.0041210954 -0.0041087121    270.66238 
 5661000 0.0039836825 -0.0040387115    274.38597 
 5662000 0.0039665854 -0.0039804251    269.20241 
 5663000 0.0038881184 -0.0039039767    269.00234 
 5664000   0.00394857 -0.0039523604    264.97214 
 5665000 0.0038111416 -0.0038271714    267.30775 
 5666000 0.0038959942 -0.003913407    269.23812 
 5667000 0.0039371653 -0.0039358802    270.19021 
 5668000 0.0039991213 -0.0040079918    268.75811 
 5669000 0.0040204692 -0.004014477    271.19768 
 5670000  0.003923235 -0.0039142586    272.18723 
 5671000 0.0039270954 -0.003923561    272.57092 
 5672000 0.0041057273 -0.0040958226    276.55456 
 5673000 0.0038320684 -0.0038510109    273.25373 
 5674000 0.0038127026 -0.0037886919    270.21863 
 5675000 0.0037703274 -0.0037376505    274.75404 
 5676000 0.0037357983 -0.0037392732     268.4469 
 5677000 0.0038094882 -0.0037713955    267.30179 
 5678000 0.0036952177 -0.0037138333    270.81412 
 5679000 0.0037833072 -0.0037565647    263.56747 
 5680000 0.0038328742 -0.0038745016    265.84734 
 5681000 0.0038659775 -0.003864876    269.74747 
 5682000 0.0037896246 -0.0038161356    272.88306 
 5683000 0.0037741435 -0.0037648088    270.61281 
 5684000 0.0035651617 -0.0035770331    267.31895 
 5685000 0.0036728493 -0.0036797567    270.68483 
 5686000  0.003840865 -0.0038527881    268.03333 
 5687000 0.0034948626 -0.0035200147    270.90931 
 5688000 0.0037140074 -0.0037130298    269.02977 
 5689000 0.0037843327 -0.0038075453    267.57914 
 5690000 0.0038227898 -0.0038525725     269.5175 
 5691000 0.0038354042 -0.0038401571    266.22246 
 5692000 0.0037600128 -0.0037892436    275.76732 
 5693000 0.0036560941 -0.0036506955    270.65553 
 5694000 0.0038579553 -0.0038854281    273.01302 
 5695000  0.003764898 -0.0038207207    270.30273 
 5696000 0.0039428548 -0.0039785202    268.41081 
 5697000 0.0035968226 -0.0036526444    272.60153 
 5698000 0.0036527783 -0.0036834965    268.53233 
 5699000 0.0038402872 -0.0038740022    268.10673 
 5700000 0.0036613868 -0.0037041967    271.12987 
 5701000 0.0034556624 -0.0034376846    275.70294 
 5702000 0.0035556955 -0.0035920791    269.63487 
 5703000 0.0037100399 -0.0037217875    274.33946 
 5704000 0.0035538168 -0.003565497    274.85221 
 5705000 0.0034794245 -0.003509199    271.97591 
 5706000  0.003561864 -0.0036079365    267.56308 
 5707000 0.0036791501 -0.003711554     272.0297 
 5708000 0.0035812767 -0.0036488215    269.98617 
 5709000 0.0037173687 -0.0037094566    270.86341 
 5710000 0.0035359001 -0.0035703673    271.50442 
 5711000 0.0035323325 -0.0035391645     276.9885 
 5712000 0.0036212776 -0.0036034382    268.84993 
 5713000 0.0036474736 -0.0036324004    265.76529 
 5714000 0.0038769064 -0.0038951193    273.37521 
 5715000 0.0037253625 -0.0037916883    272.67653 
 5716000 0.0036521726 -0.0036718095    269.37593 
 5717000 0.0036654135 -0.0036967076    276.70909 
 5718000 0.0036627695 -0.0036519876    272.41572 
 5719000 0.0035543786 -0.0035620653    271.70376 
 5720000 0.0035204612 -0.0035481027    276.71098 
 5721000  0.003595737 -0.0035960027    273.98161 
 5722000 0.0038289179 -0.0038354659    270.49445 
 5723000 0.0037593239 -0.0037802527    270.70378 
 5724000  0.003714851 -0.0037086752    270.78462 
 5725000 0.0036996166 -0.0036989963    263.59834 
 5726000 0.0037714553 -0.0037831323    268.28915 
 5727000 0.0034819591 -0.0035169281     270.3337 
 5728000 0.0036476504 -0.0036756203    272.22725 
 5729000 0.0038092711 -0.003818545     269.3229 
 5730000 0.0034551788 -0.0034390861    269.32457 
 5731000 0.0036487804 -0.0036478624    268.49718 
 5732000 0.0035701301 -0.003558336    272.30514 
 5733000 0.0035410588 -0.0035555068    264.63949 
 5734000 0.0034195702 -0.003436986    265.50438 
 5735000 0.0035389202 -0.0035481853    268.38346 
 5736000 0.0035054492 -0.0035299101    274.60896 
 5737000  0.003561036 -0.0035562183    272.05976 
 5738000 0.0036623743 -0.003680166    268.02025 
 5739000 0.0039060725 -0.003898512    271.54083 
 5740000 0.0038280966 -0.0038169365    277.27084 
 5741000 0.0037384245 -0.0037361827    272.65133 
 5742000 0.0033845761 -0.003380255    270.86482 
 5743000 0.0035890451 -0.0036223318    267.50561 
 5744000 0.0036923302 -0.0036754579    269.63517 
 5745000 0.0039842493 -0.0039865989    275.52631 
 5746000 0.0038800943 -0.0038755487    269.85358 
 5747000 0.0036158441 -0.0036318467    275.51788 
 5748000 0.0036971293 -0.0036964511    267.25595 
 5749000  0.003607225 -0.0036279045    266.93836 
 5750000 0.0036407615 -0.0036583077     273.3382 
 5751000 0.0037548953 -0.0037450421    269.25016 
 5752000 0.0035190463 -0.0035264967    268.81327 
 5753000 0.0037205555 -0.0036944803    270.34696 
 5754000 0.0036506919 -0.0036662847     269.2777 
 5755000 0.0037418766 -0.0037417876    270.20591 
 5756000  0.003854019 -0.0038554636    270.16665 
 5757000 0.0039220817 -0.0039076984    271.80289 
 5758000 0.0038182429 -0.0038439517    268.29122 
 5759000 0.0038590147 -0.0038754634    270.97319 
 5760000 0.0038823126 -0.0038652829    270.92735 
 5761000 0.0038346169 -0.003871363    273.88041 
 5762000 0.0038792939 -0.0038861683    269.45685 
 5763000 0.0038389915 -0.0038063191    275.25896 
 5764000 0.0038450236 -0.0038306603    267.79618 
 5765000 0.0040810643 -0.0040855924    270.80966 
 5766000 0.0038504479 -0.0038776379    271.83412 
 5767000 0.0038675039 -0.0038532981    275.19528 
 5768000 0.0040157774 -0.0039795552    272.25392 
 5769000 0.0040217206 -0.0040098165    274.08013 
 5770000  0.003944417 -0.0038967622    268.36291 
 5771000 0.0037134837 -0.003704944    269.09993 
 5772000 0.0037216203 -0.0036990962    276.15494 
 5773000 0.0038657049 -0.0038697937    274.19034 
 5774000 0.0038557842 -0.0038473685     268.2342 
 5775000 0.0040019194 -0.0039937979    266.45514 
 5776000 0.0038444451 -0.0038281343    270.14628 
 5777000 0.0038912607 -0.0038706235    268.03977 
 5778000 0.0041259005 -0.0041229685    271.02668 
 5779000 0.0040178469 -0.004019185    269.29503 
 5780000 0.0041097432 -0.0041018053    273.36466 
 5781000 0.0039759067 -0.0039933043     273.0029 
 5782000 0.0040214048 -0.0040800345    275.06429 
 5783000 0.0040468972 -0.0040365314    274.05629 
 5784000 0.0039536631 -0.0039347765    270.18423 
 5785000 0.0038772477 -0.0038838674    270.03834 
 5786000 0.0038052441 -0.0038133596    272.26247 
 5787000 0.0039213802 -0.0039381571    271.62632 
 5788000 0.0038952667 -0.0039129787    268.78849 
 5789000 0.0038428351 -0.0038232758    270.77392 
 5790000 0.0038663776 -0.0038913794    271.83075 
 5791000 0.0039201133 -0.0039344067    270.48533 
 5792000 0.0036304877 -0.0036228915    264.84595 
 5793000 0.0039102003 -0.0039596075    270.34643 
 5794000  0.003731283 -0.0037632622    269.51415 
 5795000 0.0036348073 -0.0036650187    272.30594 
 5796000 0.0037801812 -0.0037924496    271.46392 
 5797000 0.0036344891 -0.0036373683    272.21454 
 5798000 0.0037635024 -0.0037529992    268.40888 
 5799000 0.0037966825 -0.0038115482    272.25657 
 5800000 0.0038171035 -0.0038166402    272.22707 
 5801000 0.0036948762 -0.0036605559     270.9575 
 5802000  0.003696836 -0.0036750778    269.10207 
 5803000 0.0037965417 -0.0038080703    267.47565 
 5804000 0.0038222866 -0.003830207    271.88033 
 5805000 0.0039586715 -0.0039265166    267.40649 
 5806000 0.0037727701 -0.0037616304    270.42083 
 5807000 0.0035833627 -0.0035770043    265.77631 
 5808000 0.0036293714 -0.0036306374    271.11473 
 5809000 0.0037756249 -0.0037778833    268.64878 
 5810000 0.0036410821 -0.0035903574    267.88946 
 5811000 0.0036870614 -0.0037002391    266.63633 
 5812000 0.0036041877 -0.0035823637    271.61156 
 5813000 0.0037040164 -0.0037499894    270.17029 
 5814000 0.0036567457 -0.0036621473    265.83625 
 5815000 0.0036108729 -0.0036060647    275.00829 
 5816000 0.0037407442 -0.0037347841      273.191 
 5817000  0.003794497 -0.0037603816    269.92409 
 5818000 0.0036094776 -0.0036067376    265.20879 
 5819000 0.0037589803 -0.0037569885    269.77268 
 5820000 0.0036038876 -0.0036006725     270.9368 
 5821000 0.0034634894 -0.0034455869    273.23202 
 5822000 0.0036271288 -0.0036371164    271.56165 
 5823000 0.0038037027 -0.0037599176    274.07781 
 5824000  0.003629957 -0.0036254105    270.82123 
 5825000 0.0036200455 -0.0036321826    271.06128 
 5826000 0.0036719191 -0.0036298988    271.25462 
 5827000  0.003547927 -0.0035646267    269.88992 
 5828000 0.0035272412 -0.0035284019    269.60349 
 5829000 0.0036449614 -0.0036566489    273.72924 
 5830000 0.0037068427 -0.0037397317    272.35361 
 5831000 0.0036841304 -0.0036975969    268.84015 
 5832000 0.0038652075 -0.0038693764    276.76767 
 5833000 0.0036496439 -0.0036473946    271.83825 
 5834000 0.0037267404 -0.0037346213    273.86589 
 5835000 0.0036149557 -0.0036311632     270.3426 
 5836000 0.0035295612 -0.0035447066    271.95325 
 5837000 0.0035874354 -0.0035994216    273.68308 
 5838000 0.0035563096 -0.0036014058    272.28288 
 5839000  0.003482157 -0.0034795827    268.57599 
 5840000 0.0037491425 -0.003707417    271.77853 
 5841000 0.0038193615 -0.0037791224    267.81365 
 5842000 0.0035579635 -0.0035136884    270.93597 
 5843000 0.0034240991 -0.0034674711    275.41423 
 5844000  0.003286435 -0.003294126    272.16474 
 5845000 0.0035293466 -0.0035467139    267.30277 
 5846000 0.0036391445 -0.0036553921    273.76267 
 5847000 0.0038157517 -0.0037934427    271.85978 
 5848000 0.0037997131 -0.0038263824    270.61832 
 5849000  0.003754622 -0.0037609429    272.66306 
 5850000  0.003751732 -0.0037523328    272.40489 
 5851000 0.0036883978 -0.003690239    268.31125 
 5852000 0.0035586568  -0.00359034     273.0898 
 5853000 0.0033894977 -0.0034337157    267.39684 
 5854000 0.0035304127 -0.0035523041     274.1457 
 5855000 0.0035555509 -0.0035488963    271.58283 
 5856000 0.0033705692 -0.003415953    270.85998 
 5857000 0.0034445056 -0.0034649778    270.24417 
 5858000 0.0035311724 -0.0035579704    270.14132 
 5859000 0.0035294881 -0.0035496431    273.82262 
 5860000 0.0036385202 -0.0036474153    271.57123 
 5861000 0.0037119277 -0.003709159    268.91803 
 5862000 0.0036668608 -0.0036749669    269.41009 
 5863000 0.0035372832 -0.0035267388    271.83166 
 5864000 0.0035384897 -0.0035257475    272.35405 
 5865000 0.0034818769 -0.0034530922    272.07139 
 5866000 0.0035691746 -0.0035580902    272.34636 
 5867000  0.003667971 -0.0036513311    265.48689 
 5868000  0.003644293 -0.0036314676    274.67601 
 5869000  0.003767694 -0.0037684753    269.14565 
 5870000 0.0036538991 -0.0036390432    272.74685 
 5871000 0.0036727743 -0.0036756156    266.48507 
 5872000 0.0036608755 -0.0036368639    275.61762 
 5873000 0.0038715719 -0.0038331744    267.92693 
 5874000  0.003809356 -0.0037670592    272.02408 
 5875000 0.0037103482 -0.0036801838     273.5069 
 5876000 0.0036166349 -0.0036406871     267.2666 
 5877000 0.0034659293 -0.0034855391    275.43488 
 5878000 0.0034745026 -0.0034963018    273.36049 
 5879000 0.0035165335 -0.0035320469    267.08404 
 5880000 0.0034230774 -0.0033947908    271.44066 
 5881000 0.0033362041 -0.0033451077    274.64427 
 5882000 0.0036047407 -0.0036108795    267.05942 
 5883000 0.0035947797 -0.0036237547    268.39199 
 5884000 0.0035026855 -0.0035231975     272.4734 
 5885000 0.0036636008 -0.0036830414     268.3561 
 5886000 0.0036596463  -0.00364089    268.97126 
 5887000 0.0036597727 -0.0036407437    269.78833 
 5888000 0.0037493309 -0.0037709906    268.69861 
 5889000  0.003854895 -0.0038266602    270.64294 
 5890000 0.0036759689 -0.0036414393    271.58632 
 5891000 0.0036661021 -0.0036563103    268.70898 
 5892000 0.0037035742 -0.0036869957    268.30365 
 5893000 0.0036625282 -0.0037106258    273.62294 
 5894000 0.0035257943 -0.0035482118    277.67577 
 5895000 0.0035563456 -0.0035724669     269.0378 
 5896000 0.0036805959 -0.0037313488     268.9173 
 5897000 0.0037680873 -0.003794025     268.6869 
 5898000 0.0038655839 -0.0038940849    271.47693 
 5899000 0.0037048185 -0.0037182144    273.31995 
 5900000 0.0036565244 -0.0036901996     270.4078 
 5901000 0.0037716514 -0.0038016924    274.97059 
 5902000 0.0037253545 -0.0037387091    269.37951 
 5903000 0.0037263034 -0.0037660195    269.15832 
 5904000 0.0038594346 -0.0038535883    270.67762 
 5905000 0.0037805651 -0.0038014636    275.81656 
 5906000 0.0039709006 -0.003998623    271.65683 
 5907000 0.0038482923 -0.0038355689    274.48841 
 5908000 0.0037556541 -0.0037475165    271.69529 
 5909000 0.0037245554 -0.0037217616    273.48594 
 5910000 0.0037529869 -0.0037456978    269.08267 
 5911000 0.0037520005 -0.0037278529    270.14284 
 5912000 0.0038142234 -0.003822977    271.05632 
 5913000 0.0039525466 -0.0039501302    274.48296 
 5914000 0.0034898314 -0.0034828171    274.89915 
 5915000 0.0038242001 -0.0038353928    271.50564 
 5916000  0.003697786 -0.0036719906    271.82464 
 5917000 0.0034624734 -0.0034058728    267.33117 
 5918000 0.0035657077 -0.003558973    270.81241 
 5919000 0.0035783279 -0.0035643917    264.74986 
 5920000 0.0034145063 -0.0034247385    271.91021 
 5921000 0.0036219781 -0.0036276191    267.51576 
 5922000  0.003612181 -0.0036444276    269.11559 
 5923000 0.0035126928 -0.003550924    269.15212 
 5924000 0.0034539638 -0.0034520693    272.63651 
 5925000 0.0035061189 -0.003479269    271.84233 
 5926000 0.0034960059 -0.0034818907    271.51232 
 5927000 0.0035391267 -0.0035199402    266.16146 
 5928000 0.0034774791 -0.003500143    268.37953 
 5929000 0.0035979678 -0.0036250397    273.83438 
 5930000 0.0036739717 -0.0036725226    272.15495 
 5931000 0.0035222279 -0.0034943622    265.33991 
 5932000 0.0035670354 -0.0035445347    270.07178 
 5933000 0.0034768299 -0.0034650461    276.51248 
 5934000 0.0033510083 -0.0033376051    271.62207 
 5935000 0.0033698913 -0.0033932137    270.95905 
 5936000 0.0035226075 -0.0035233437    271.62279 
 5937000 0.0035802758 -0.0035866907    275.25951 
 5938000  0.003385052 -0.0034080084    268.43794 
 5939000 0.0034824538 -0.0034799223    263.52782 
 5940000 0.0035166868 -0.0035439898    270.91992 
 5941000 0.0034232053 -0.0034252929      274.622 
 5942000 0.0034891066 -0.0034951092    268.16677 
 5943000 0.0035415616 -0.0035424917    267.95386 
 5944000 0.0034765722 -0.0034660407    267.79819 
 5945000 0.0033357013 -0.0033525225    274.32139 
 5946000 0.0034228875 -0.0034021809    272.82079 
 5947000 0.0034402916 -0.0034117444    267.17938 
 5948000 0.0034785048 -0.0034637304    269.93344 
 5949000 0.0034862036 -0.0034606148    271.40891 
 5950000 0.0035479594 -0.0035364741    274.54373 
 5951000 0.0035378711 -0.0035085091    273.54385 
 5952000 0.0037177728 -0.0037017709    267.83146 
 5953000 0.0035482042 -0.0035033707    274.74208 
 5954000 0.0035155602 -0.003536619    270.45672 
 5955000 0.0035551975 -0.0035476328     272.3113 
 5956000 0.0032846972 -0.003270699    271.86397 
 5957000 0.0032334321 -0.0032608978     268.7144 
 5958000  0.003309182 -0.0032860391    274.05627 
 5959000  0.003462896 -0.0034531192    271.17536 
 5960000 0.0034071812 -0.0034198098    272.54141 
 5961000 0.0035940393 -0.0035758122    272.22233 
 5962000  0.003405306 -0.0033604839    275.07582 
 5963000 0.0032886275 -0.0032711148    269.86406 
 5964000 0.0034209254 -0.0034388077    269.76923 
 5965000    0.0036649 -0.0036610806    273.65437 
 5966000 0.0038273023 -0.0037995037     273.4423 
 5967000  0.003554911 -0.0035775218    268.20775 
 5968000 0.0034549361 -0.0034806177    273.74103 
 5969000 0.0034441614 -0.0034682262    275.87266 
 5970000 0.0033324037 -0.0033728604     273.0462 
 5971000 0.0034993926 -0.0035229329    270.93221 
 5972000 0.0035827849 -0.0035770198     272.4902 
 5973000 0.0036193427 -0.0036524697    273.02435 
 5974000 0.0035419451 -0.0035248811    265.55041 
 5975000 0.0034868255 -0.0034982088    271.55823 
 5976000 0.0035521825 -0.0036035679    270.96178 
 5977000 0.0034429854 -0.0034756028    270.18654 
 5978000 0.0035674627 -0.0035918376     272.6604 
 5979000 0.0035180544 -0.0035435925    266.96325 
 5980000 0.0034672747 -0.0034785369    268.14931 
 5981000 0.0033261527 -0.0033567056    268.52619 
 5982000 0.0034807979 -0.0034899176    263.52725 
 5983000 0.0033695086 -0.0033805883    271.89434 
 5984000 0.0035467187 -0.0035764329    267.44806 
 5985000 0.0034186117 -0.0034506608    277.17006 
 5986000 0.0034674489 -0.0035036617    270.93671 
 5987000 0.0036539665 -0.0036806945    272.58527 
 5988000 0.0035355069 -0.0035755786    272.32279 
 5989000 0.0036385219 -0.0036482867     271.5538 
 5990000 0.0036461078 -0.0036608404    274.32175 
 5991000 0.0036481052 -0.003675813    262.68446 
 5992000 0.0035241043 -0.0035473878    271.86974 
 5993000  0.003643531 -0.0036728129    272.18694 
 5994000 0.0035533336 -0.0035858743    269.75476 
 5995000  0.003552777 -0.0035603195    268.63192 
 5996000 0.0034895322 -0.0035069284    265.86444 
 5997000 0.0036531371 -0.0036956519    268.85417 
 5998000  0.003745764 -0.0037666442    264.08977 
 5999000 0.0036646468 -0.0037077155    272.26936 
 6000000 0.0035319364 -0.0035409348    270.12565 
 6001000 0.0037462547 -0.0037376729    276.51224 
 6002000 0.0039149947 -0.003932996    269.46198 
 6003000 0.0038721038 -0.0038794712    270.00929 
 6004000  0.003968909 -0.0039974359    271.80877 
 6005000 0.0037908155 -0.0038078368    273.86697 
 6006000 0.0038136508 -0.0038589746    265.14881 
 6007000 0.0037247254 -0.0037227896    271.59671 
 6008000 0.0036447447 -0.0036369033    269.60181 
 6009000 0.0038260292 -0.0038172537    267.45987 
 6010000 0.0039327946 -0.0039302569    271.38598 
 6011000 0.0037862239 -0.0037952651    270.62072 
 6012000  0.003876833 -0.0038643605    266.40551 
 6013000 0.0039136346 -0.0039252577    271.16263 
 6014000  0.003855409 -0.0038520604     271.4695 
 6015000 0.0036650081 -0.0036529624    270.14303 
 6016000 0.0037120926 -0.0037072958    273.55034 
 6017000 0.0037251382 -0.0037445126    266.39879 
 6018000 0.0039065623 -0.0039222791    272.86797 
 6019000 0.0038816611 -0.0039113095    266.01758 
 6020000 0.0039431233 -0.003918769    269.96049 
 6021000 0.0038084962 -0.0038262685    276.00995 
 6022000  0.003849603 -0.003847706    270.05355 
 6023000 0.0037953156 -0.0038163213    270.96389 
 6024000 0.0040803636 -0.0040765474    268.61169 
 6025000 0.0040084999 -0.0039884903    275.93549 
 6026000 0.0039007694 -0.003908704    275.06044 
 6027000 0.0039019554 -0.003884993    273.02916 
 6028000 0.0035645042 -0.003551612    268.00033 
 6029000  0.003822173 -0.0038172055    273.49854 
 6030000 0.0038242477 -0.0038233613    271.09967 
 6031000 0.0037535178 -0.0037680582    267.00414 
 6032000 0.0037923198 -0.0038135472    274.06644 
 6033000 0.0038508638 -0.0038529499    268.64747 
 6034000 0.0038561171 -0.0038496043    267.62836 
 6035000 0.0039399788 -0.0039322782    271.92457 
 6036000 0.0038400539 -0.0038572014    268.25452 
 6037000 0.0038615295 -0.0038909033     270.2742 
 6038000 0.0039436952 -0.0039488654    269.59362 
 6039000 0.0039463403 -0.0039786017    270.59576 
 6040000 0.0037435173 -0.0037521075    272.35414 
 6041000 0.0037821431 -0.0038281867    273.77257 
 6042000 0.0037427344 -0.0038311927    272.29697 
 6043000 0.0039213902 -0.0039390651    270.46237 
 6044000 0.0039782482 -0.0040005075     272.8767 
 6045000 0.0039056598 -0.0038978348    275.94511 
 6046000 0.0038980823 -0.0039335509    267.19741 
 6047000 0.0040161698 -0.0040531251    271.52818 
 6048000 0.0039865858 -0.0039855875    273.75127 
 6049000 0.0040727217 -0.0040632362    271.85727 
 6050000 0.0041062417 -0.0041210414    267.26979 
 6051000 0.0039345374 -0.0039663654    274.79194 
 6052000 0.0039225739 -0.0039127242    270.24569 
 6053000 0.0038723919 -0.0038942108    270.78184 
 6054000 0.0039946766 -0.003994539    269.41716 
 6055000 0.0039325544 -0.0039808305    271.59994 
 6056000 0.0040156663 -0.0040000423     272.5655 
 6057000 0.0039881568 -0.0040010015    268.03351 
 6058000 0.0040736333 -0.0040809485     270.2716 
 6059000 0.0040576235 -0.0041003332    275.05808 
 6060000 0.0040837675 -0.0040990448    271.60027 
 6061000 0.0041672551 -0.0041549587    268.73776 
 6062000 0.0041182323 -0.004096855    277.74258 
 6063000 0.0039725581 -0.0039784106    272.72484 
 6064000 0.0039867138 -0.0040023999    277.87564 
 6065000 0.0037562472 -0.0037600416    265.46503 
 6066000 0.0037536238 -0.0037404634    271.70969 
 6067000 0.0038936635 -0.0038962135    272.62813 
 6068000 0.0038742822 -0.0038827523    273.09887 
 6069000 0.0037472957 -0.0037438714    271.66178 
 6070000 0.0037619442 -0.0037616298    270.86966 
 6071000 0.0036085115 -0.0036374375    266.80163 
 6072000 0.0035582262 -0.0035606448    272.54834 
 6073000 0.0035091517 -0.0035305179    267.69596 
 6074000 0.0035365302  -0.00355672    268.34767 
 6075000 0.0035208302 -0.0035548869    266.87362 
 6076000   0.00345348 -0.0034418283    271.82673 
 6077000  0.003375736 -0.0033713067    278.18818 
 6078000 0.0034724061 -0.0034895059    271.17309 
 6079000 0.0036340162 -0.0036465616    275.42324 
 6080000 0.0034268045 -0.0034340302    273.42962 
 6081000  0.003546539 -0.0035685039    272.53658 
 6082000 0.0034960205 -0.0034933459    273.69961 
 6083000 0.0036635566 -0.0036465539    271.48372 
 6084000 0.0033524694 -0.0033608302     268.9301 
 6085000 0.0035034839 -0.0034963928    268.29871 
 6086000 0.0035786677  -0.00358155    271.18362 
 6087000 0.0036022478 -0.0035860617    272.67663 
 6088000 0.0034746531 -0.0035336882     270.9379 
 6089000 0.0032778823  -0.00328898    269.87073 
 6090000 0.0033643163 -0.0033652464    272.09739 
 6091000 0.0033533414 -0.0033720936    272.40107 
 6092000 0.0034810696 -0.0034810496    264.54056 
 6093000 0.0034569065 -0.0034236069     273.2628 
 6094000 0.0035651458 -0.0035672147    272.29235 
 6095000 0.0036369998 -0.0036146807    272.81627 
 6096000 0.0036350852 -0.0036720744    270.69889 
 6097000 0.0037202716 -0.0037445475    269.19657 
 6098000 0.0036101322 -0.0036039739    274.50336 
 6099000 0.0036950342 -0.0037036953    269.12196 
 6100000 0.0038204777 -0.0038154028    267.53152 
 6101000 0.0036142642 -0.0036191588    273.36654 
 6102000 0.0034605013 -0.0034653107    271.83859 
 6103000 0.0036244087 -0.003650987    269.36937 
 6104000 0.0037166818 -0.0037046126    271.20051 
 6105000 0.0035748374 -0.003586074    267.65052 
 6106000   0.00382131 -0.0038512907    273.25336 
 6107000 0.0034671258 -0.0034730215    272.74487 
 6108000 0.0035289168 -0.0035512611    270.97667 
 6109000 0.0036136198 -0.0036283561      278.372 
 6110000 0.0035043176 -0.003519628    272.39432 
 6111000 0.0035894292 -0.0036027838    269.59273 
 6112000  0.003406013 -0.003423394    267.54425 
 6113000 0.0035010384 -0.0035158074    271.28698 
 6114000 0.0035386179 -0.0035204075    273.29643 
 6115000 0.0035300482 -0.0035467925    272.32079 
 6116000   0.00357596 -0.0035951684    270.64678 
 6117000 0.0036814197 -0.0036654857    272.48449 
 6118000 0.0038191329 -0.0038169196    271.62675 
 6119000 0.0034853372 -0.0034916058    268.64203 
 6120000 0.0037008048 -0.0037449502    268.66483 
 6121000 0.0037490545 -0.0037699297    270.44936 
 6122000 0.0036379969 -0.0036251297    272.17913 
 6123000 0.0035421391 -0.0035568119    274.71452 
 6124000 0.0035566328 -0.0036041827    278.76735 
 6125000 0.0036979663 -0.0037050669    275.26143 
 6126000  0.003601907 -0.0036011425    266.04636 
 6127000  0.003520197 -0.0035165602    272.25391 
 6128000 0.0038080834 -0.0038200619      268.733 
 6129000 0.0037130083 -0.0037067832    268.42233 
 6130000 0.0038571318 -0.0038314093    270.96065 
 6131000 0.0037313624 -0.0037451607    274.14439 
 6132000 0.0037288758 -0.0037035073    269.51675 
 6133000 0.0036713388 -0.0036567349    270.95159 
 6134000 0.0038142239 -0.0038229723    271.02376 
 6135000 0.0036262391 -0.0036681663    271.49111 
 6136000 0.0036686736 -0.0036910788    271.72008 
 6137000  0.003751118 -0.0037576922    271.52872 
 6138000  0.003724684 -0.0037004532    271.25044 
 6139000 0.0038315385 -0.0038238739    273.55496 
 6140000 0.0037514612 -0.0037466793    268.44514 
 6141000 0.0036908787 -0.0036994388     270.7541 
 6142000 0.0038933492 -0.0039083214    267.20912 
 6143000 0.0037261336 -0.0037348904    269.98654 
 6144000 0.0037134674 -0.0037407628    270.06234 
 6145000 0.0039986624 -0.0040068827    274.63533 
 6146000 0.0038957389 -0.0039016225    268.39423 
 6147000 0.0038868718 -0.0038675931    274.27079 
 6148000 0.0037600169 -0.0037923951    268.17092 
 6149000 0.0036492495 -0.0036741062    272.36231 
 6150000 0.0037988125 -0.0038546095    273.47204 
 6151000 0.0037684971 -0.0037731713    272.56908 
 6152000 0.0037952992 -0.0038379366    274.22228 
 6153000 0.0037684444 -0.0038157656    273.78541 
 6154000 0.0039387507 -0.0039496949    274.73262 
 6155000 0.0038717989 -0.0038919167    275.09129 
 6156000  0.004028473 -0.0039861015    273.70767 
 6157000 0.0041111135 -0.0041095231    266.99571 
 6158000 0.0041667689 -0.0041626324    270.37096 
 6159000 0.0040046837 -0.0039877063    273.67355 
 6160000 0.0040648295 -0.0040223615    269.35997 
 6161000 0.0039094449 -0.0039479057    272.51317 
 6162000  0.004065627 -0.0040801545    261.37611 
 6163000 0.0040479534 -0.0040303067    269.70481 
 6164000 0.0039747168 -0.0039905663    270.34096 
 6165000 0.0039893668 -0.0040077936    269.43709 
 6166000 0.0039814922 -0.0039564967    277.03484 
 6167000 0.0041230325 -0.0041454204     270.6091 
 6168000 0.0042637612 -0.0042569228    269.11545 
 6169000 0.0042044917 -0.0042094455    267.97262 
 6170000 0.0041538663 -0.0041659161     271.4098 
 6171000  0.004188386 -0.0042034126    266.99043 
 6172000  0.004280828 -0.004348769    271.33522 
 6173000  0.004178269 -0.0042137857    269.56359 
 6174000 0.0040678861 -0.004064009     267.9537 
 6175000 0.0040396143 -0.0040398161    279.21393 
 6176000 0.0039782916 -0.0040012209    267.36153 
 6177000 0.0039511237 -0.0039489401    276.40284 
 6178000 0.0042310821 -0.0042643383    271.13723 
 6179000 0.0043755285 -0.0044241277    272.95067 
 6180000  0.004281107 -0.0043143788    271.51884 
 6181000 0.0040564896 -0.0040757829    266.29426 
 6182000 0.0040446285 -0.0040223665     266.1593 
 6183000 0.0042670908 -0.004274788    273.22703 
 6184000 0.0039953049 -0.004018887    271.72642 
 6185000  0.004004761 -0.0039692508    276.95291 
 6186000 0.0039763857 -0.0039975614     268.9741 
 6187000 0.0040713512 -0.0040712756    270.27253 
 6188000 0.0041721265 -0.0041854493    271.32612 
 6189000 0.0044388681 -0.0044483104    271.97171 
 6190000 0.0043427273 -0.0043576124    270.83732 
 6191000 0.0043228502 -0.0043097935    277.10096 
 6192000  0.004371238 -0.0043418238     270.2656 
 6193000 0.0041998929 -0.0041720968    268.48576 
 6194000 0.0043039309 -0.0043131077    274.38877 
 6195000 0.0042472178 -0.0042564907    271.41945 
 6196000 0.0041817324 -0.0041653304    272.93919 
 6197000 0.0042734926 -0.0043212075    270.22512 
 6198000 0.0042417596 -0.0042485102    269.21417 
 6199000 0.0042865361 -0.004289013       269.51 
 6200000 0.0042055636 -0.0042072071    271.87865 
 6201000 0.0043516124 -0.0043750446    271.87034 
 6202000 0.0042324411 -0.0042234969    274.90597 
 6203000   0.00431327 -0.0043217314    262.65395 
 6204000 0.0041671232 -0.0041649754    268.85335 
 6205000 0.0041855832 -0.004198492    269.37207 
 6206000 0.0041422432 -0.0041335197    277.52365 
 6207000 0.0040397135 -0.0040710877    267.59628 
 6208000 0.0041817823 -0.0041657873    265.79663 
 6209000 0.0042880636  -0.00431317    274.23536 
 6210000 0.0043651426 -0.0043916842    277.65756 
 6211000 0.0043171426  -0.00434149    274.46951 
 6212000 0.0044007139 -0.004401065     267.3554 
 6213000  0.004204227 -0.0041828417    270.44395 
 6214000 0.0042685364 -0.0042927129    264.00307 
 6215000 0.0040960755 -0.0041305981    277.31614 
 6216000 0.0043925553 -0.004407478    273.96203 
 6217000 0.0040949438 -0.004108495    266.69817 
 6218000 0.0040143688 -0.0040509746    269.82011 
 6219000 0.0040130745 -0.0040142389    272.30959 
 6220000 0.0039855554 -0.0040059611    270.03008 
 6221000 0.0041289818 -0.0041426347    266.03759 
 6222000 0.0040772684 -0.0041015509    271.95275 
 6223000 0.0043381221 -0.0043396338    270.03655 
 6224000 0.0040854455 -0.0041094153    274.38096 
 6225000 0.0040963741 -0.0041638851    269.84837 
 6226000 0.0041512271 -0.0041938177    268.26682 
 6227000   0.00437153 -0.0043856055    271.16825 
 6228000 0.0043583508 -0.0043875436     274.1203 
 6229000 0.0042507698 -0.0042586741    273.12436 
 6230000  0.004071545 -0.0040855445    274.08405 
 6231000 0.0040110825 -0.0040374556    268.51576 
 6232000  0.004066079 -0.0040708797    275.63463 
 6233000 0.0041282054 -0.004120162    269.75934 
 6234000 0.0041568293 -0.0041673619    272.39055 
 6235000 0.0041625468 -0.0041803515    270.08715 
 6236000 0.0040916648 -0.0041108747     269.6579 
 6237000 0.0041685756 -0.0041669989    264.72231 
 6238000 0.0043124121 -0.0042929008    273.47828 
 6239000  0.004176296 -0.0041587912    268.98918 
 6240000 0.0039435444 -0.0039726764    271.89529 
 6241000 0.0039513454 -0.0039809899    270.00312 
 6242000 0.0038519192 -0.0038246769    267.59214 
 6243000 0.0038204702 -0.0038049521    272.95151 
 6244000 0.0036000362 -0.0036501853    269.70278 
 6245000 0.0037354925 -0.0037394934     268.9942 
 6246000 0.0037822778 -0.0037624859    271.58975 
 6247000 0.0038007524 -0.0037910267    269.45782 
 6248000 0.0039715379 -0.0039859305    271.56636 
 6249000 0.0036220699 -0.0036368376    269.25769 
 6250000 0.0039354851 -0.0039093542    274.02027 
 6251000 0.0038810355 -0.0039108422    270.97704 
 6252000 0.0041033975 -0.004086243    272.75997 
 6253000 0.0038678841 -0.0038538584    272.12681 
 6254000 0.0037300589 -0.0037561397    277.41311 
 6255000  0.003925827 -0.0039468277    272.75812 
 6256000 0.0039215647 -0.0039006609    270.72556 
 6257000 0.0038183185 -0.0038116851    272.52184 
 6258000 0.0038767686 -0.003862271    272.28352 
 6259000 0.0038617327 -0.0038309059    276.16993 
 6260000 0.0037583952 -0.0037386641    272.37165 
 6261000 0.0038206941 -0.0037915785    269.91859 
 6262000 0.0037859402 -0.0037898809    271.00292 
 6263000 0.0038302689 -0.0038366989    270.87505 
 6264000 0.0038213909 -0.0037861509    274.53983 
 6265000 0.0038011536 -0.0037937786    268.90055 
 6266000 0.0039861177 -0.003967043    270.24267 
 6267000 0.0038585642 -0.0038404282    272.34277 
 6268000 0.0040101934 -0.003983567    271.59696 
 6269000 0.0038908044 -0.0038452134    266.72695 
 6270000 0.0038149201 -0.0038358334    270.99355 
 6271000 0.0038881293 -0.0038760111    274.41809 
 6272000 0.0039208826 -0.003924011    268.84349 
 6273000 0.0039064314 -0.0038845981    269.39278 
 6274000 0.0038802438 -0.0038672562    269.21677 
 6275000 0.0040814278 -0.0040700235    268.40574 
 6276000 0.0038363171 -0.0038441984    270.29054 
 6277000 0.0038481376 -0.0038917163    270.66305 
 6278000   0.00394581 -0.0039642112    277.29288 
 6279000  0.003969969 -0.0039784241    269.70269 
 6280000 0.0038853321 -0.0038861911    270.22918 
 6281000 0.0035783574 -0.0035654207    275.35791 
 6282000  0.003851288 -0.0038748027    271.25606 
 6283000 0.0036407391 -0.0036667698    271.14028 
 6284000 0.0038495264 -0.0038066736    270.64791 
 6285000 0.0036817144 -0.0036660862    271.90014 
 6286000 0.0038688699 -0.0039041697    269.33053 
 6287000 0.0039313086 -0.0039445201    266.53528 
 6288000 0.0040796778 -0.0041094091    270.81216 
 6289000 0.0039091657 -0.0039013971    271.71949 
 6290000 0.0038588551 -0.0038346547    269.43455 
 6291000 0.0038537018 -0.0038539271    269.82894 
 6292000 0.0037959605 -0.0038188375     271.6269 
 6293000 0.0037023575 -0.0036958184    275.91075 
 6294000  0.003622688 -0.0036580443    264.94699 
 6295000 0.0037938699 -0.0037980774    267.43822 
 6296000 0.0036917085 -0.0037014188    269.32197 
 6297000 0.0037692911 -0.0037823336    270.69846 
 6298000 0.0035976121 -0.0035923276    269.04556 
 6299000 0.0035911507 -0.0035881881     266.2142 
 6300000 0.0035236996 -0.0035520972    273.67978 
 6301000 0.0034960989 -0.003488959    269.37683 
 6302000 0.0034918244 -0.0035011693    268.35088 
 6303000 0.0035128435 -0.003498276    268.44661 
 6304000 0.0034590328 -0.0034856846    275.96035 
 6305000 0.0034862108 -0.0035194609    272.98427 
 6306000 0.0035047632 -0.0035169831    269.00859 
 6307000 0.0036182014 -0.0036138375    269.05575 
 6308000 0.0035590101 -0.0035725364    272.97682 
 6309000 0.0035283006 -0.0035409618    270.78112 
 6310000 0.0036990751 -0.0036730487    269.98751 
 6311000 0.0036319068 -0.0036170577    272.25525 
 6312000 0.0037154641 -0.0037485557    272.38805 
 6313000 0.0039139437 -0.0039326635    274.24191 
 6314000 0.0036667216 -0.0036635782    268.60538 
 6315000 0.0036307646 -0.0036461811    268.76518 
 6316000 0.0037330109 -0.0037205252    273.02756 
 6317000 0.0036028188 -0.0036556679     267.7536 
 6318000 0.0036862097 -0.0037159927    271.16898 
 6319000 0.0037469437 -0.0037460662    270.56226 
 6320000 0.0038957905 -0.0039212198    261.36546 
 6321000 0.0037573204 -0.0037817336    273.32917 
 6322000 0.0037605227 -0.0038106826    271.36013 
 6323000 0.0036513212 -0.0036597543    270.34259 
 6324000 0.0038127396 -0.0038317455     275.1878 
 6325000 0.0037164199 -0.0037352937    274.93329 
 6326000 0.0038234606 -0.0038464901    274.83689 
 6327000 0.0037538804 -0.0037881195    274.97569 
 6328000 0.0040171461 -0.0040351609    268.87877 
 6329000 0.0039297003 -0.003935123    274.60625 
 6330000 0.0039406119 -0.0039230875    267.24552 
 6331000 0.0039628166 -0.0039484119      266.623 
 6332000 0.0039003477 -0.003928643    273.41839 
 6333000 0.0038902614 -0.0039079294     271.2911 
 6334000  0.003654802 -0.0036677867     270.4902 
 6335000 0.0038115838 -0.0038212419    276.42343 
 6336000 0.0038344554 -0.0038398644    263.93107 
 6337000  0.003761915 -0.0038011625    275.70586 
 6338000 0.0038058532 -0.0037985921    272.73307 
 6339000 0.0037019519 -0.0036903071    270.93792 
 6340000 0.0037023363 -0.0037148475    268.55543 
 6341000 0.0040404021 -0.0040337611    273.09098 
 6342000 0.0036031747 -0.003641313    274.93095 
 6343000 0.0038883655 -0.0038589462    273.09446 
 6344000  0.003618891 -0.003631187    270.13831 
 6345000 0.0037141406 -0.0037094386    272.47636 
 6346000 0.0038104368 -0.0038341909    274.08804 
 6347000 0.0036861018 -0.0037153187    266.91431 
 6348000 0.0038072101 -0.0038483793    273.82446 
 6349000 0.0036460773 -0.0036598485    268.05474 
 6350000 0.0037208737 -0.0037274592    270.92579 
 6351000 0.0037136791 -0.0037117861     268.3828 
 6352000 0.0038683679 -0.0038628651    269.98189 
 6353000 0.0037238956 -0.0037620021    267.12501 
 6354000 0.0036718283 -0.0037136432    271.08138 
 6355000 0.0039280077 -0.003939583    274.80564 
 6356000  0.003798571 -0.003802711    271.42197 
 6357000   0.00393883 -0.0039559952    272.74399 
 6358000 0.0039202909 -0.003915011     271.1844 
 6359000 0.0038591649 -0.0038324136    274.18159 
 6360000 0.0038400932 -0.0038175909    271.02616 
 6361000 0.0039675026 -0.0039524346    274.48575 
 6362000 0.0038416272 -0.0038491014    268.96638 
 6363000 0.0038710573 -0.0039055809    266.81454 
 6364000 0.0038564334 -0.0038774461     268.7195 
 6365000 0.0039149766 -0.0039238086    273.71139 
 6366000 0.0039410534 -0.0039631736    272.70462 
 6367000 0.0039090288 -0.0039519296    269.55227 
 6368000 0.0039139964 -0.0039536434    268.82427 
 6369000 0.0038154184 -0.0038343707    276.63629 
 6370000 0.0039228965 -0.0039838277    277.31435 
 6371000 0.0040921438 -0.0040623326    272.34408 
 6372000 0.0039609345 -0.0039620342    272.04864 
 6373000 0.0038546717 -0.0038761025    269.49604 
 6374000  0.003916434 -0.0038966182    271.64191 
 6375000 0.0040033073 -0.0040554431    266.12999 
 6376000  0.003994345 -0.0040095763    271.77059 
 6377000 0.0040757561 -0.0041110513    274.80022 
 6378000 0.0040640849 -0.0040938956    271.69071 
 6379000 0.0039221978 -0.0039382313    263.91461 
 6380000 0.0040830371 -0.0040785393    266.05051 
 6381000 0.0039474159 -0.0039510577    272.44573 
 6382000 0.0038658295 -0.0038794744    269.34854 
 6383000 0.0039169915 -0.0039245932    273.25732 
 6384000 0.0039156463 -0.0038785236    271.02154 
 6385000 0.0039003727 -0.0039071476    266.99598 
 6386000  0.003924826 -0.0039327886     272.1773 
 6387000 0.0039494346 -0.003928081    263.98324 
 6388000 0.0041044245 -0.0041296786    270.55055 
 6389000 0.0041188124 -0.0041017394    275.09377 
 6390000  0.004037802 -0.0040462166    266.29405 
 6391000 0.0040682358 -0.0040604665    265.62763 
 6392000 0.0040259236 -0.0040186876    274.65338 
 6393000 0.0040981012 -0.0041009831    276.16236 
 6394000 0.0042124988 -0.0041952839    269.37527 
 6395000 0.0040440992 -0.0040491431    271.87925 
 6396000 0.0041495491 -0.0041290175    272.42221 
 6397000  0.004117508 -0.0041094129     272.1204 
 6398000 0.0040811706 -0.0040752328    269.02836 
 6399000 0.0041638985 -0.0041765462    273.66419 
 6400000 0.0041647131 -0.0041827661    271.33044 
 6401000   0.00420271 -0.0042031645    273.06141 
 6402000 0.0040003208 -0.0039833554    272.67798 
 6403000 0.0040274309 -0.0040586801    270.41565 
 6404000 0.0040979607 -0.0041414683      270.871 
 6405000 0.0039644723 -0.0039813036    269.88149 
 6406000 0.0040253129 -0.0040095713    266.66007 
 6407000 0.0040122807 -0.0040063627    272.33378 
 6408000 0.0041665475 -0.0041223642    271.06088 
 6409000 0.0040437479 -0.0040633574    267.04648 
 6410000  0.003837259 -0.003814329    269.91592 
 6411000 0.0038074655 -0.0037994968    273.07846 
 6412000 0.0039000448 -0.0039205617    270.01539 
 6413000 0.0036321021 -0.0036328027    272.67365 
 6414000 0.0037232749 -0.0037420151    266.63653 
 6415000 0.0036140088 -0.0036394592    271.61874 
 6416000 0.0036942197 -0.003717442    270.40781 
 6417000 0.0036577896 -0.0036472382    267.66572 
 6418000 0.0036369265 -0.0036331518    270.01872 
 6419000 0.0037233771 -0.0037170246    270.79046 
 6420000 0.0037603027 -0.0037557716    272.20141 
 6421000 0.0036407921 -0.0036413004    268.29007 
 6422000 0.0037810942 -0.0037744636    267.53029 
 6423000 0.0038880062 -0.0038422629    269.35599 
 6424000 0.0039501669 -0.0039580032    272.10076 
 6425000 0.0038227025 -0.0038237488     269.1798 
 6426000 0.0037364118 -0.0036939172    278.01517 
 6427000 0.0040511581 -0.0040440777    271.58192 
 6428000  0.003878223 -0.0039079219    270.14746 
 6429000 0.0041028255 -0.0040982604    268.10202 
 6430000  0.003993824 -0.0040481021    268.80399 
 6431000  0.004126608 -0.0041357573     269.0023 
 6432000 0.0039975431 -0.0040069055    266.62252 
 6433000  0.003929007 -0.0039409785    270.82789 
 6434000 0.0040195211 -0.0040431165    277.44037 
 6435000 0.0036733569 -0.0036988452    268.47718 
 6436000 0.0037189062 -0.003726856    270.46442 
 6437000 0.0037143228 -0.003738558    271.71767 
 6438000 0.0036379248 -0.0036431918    269.49436 
 6439000 0.0038631254 -0.0038670577    267.81608 
 6440000 0.0039457072 -0.0039639512    275.95746 
 6441000 0.0038098612 -0.0038593052    268.38188 
 6442000 0.0038407325 -0.0038666075    271.77221 
 6443000 0.0038227688 -0.003816748    271.88894 
 6444000 0.0038385978 -0.003827424    272.34668 
 6445000 0.0039109211 -0.0039199382     272.7666 
 6446000 0.0038663345 -0.0038837457    270.18296 
 6447000 0.0039826148 -0.003993561    270.20565 
 6448000 0.0038783923 -0.0038840555    267.53352 
 6449000 0.0040498762 -0.0040486469    266.52513 
 6450000 0.0039884174 -0.0039680807    272.70582 
 6451000  0.004148767 -0.0041327498    273.56295 
 6452000 0.0039480099 -0.0039358679    276.33152 
 6453000 0.0037371368 -0.0037602832    274.94572 
 6454000 0.0039445071 -0.003953773    268.66757 
 6455000 0.0039720011 -0.0040174501    266.59342 
 6456000 0.0040731469 -0.0040903712     270.2815 
 6457000 0.0039596372  -0.00401062    267.86778 
 6458000 0.0038179156 -0.0038289549    275.01908 
 6459000 0.0036721221 -0.0036785502    273.18895 
 6460000 0.0037988902 -0.0038172166    268.79262 
 6461000  0.004172006 -0.004186868    274.81117 
 6462000 0.0040032802 -0.0039943249    272.81829 
 6463000 0.0041137065 -0.0041345888    274.87041 
 6464000 0.0039058689 -0.003901622    267.31465 
 6465000 0.0040381612 -0.0040610324    264.82816 
 6466000 0.0039888231 -0.0039734528    269.74211 
 6467000 0.0038450962 -0.0038178247    269.09152 
 6468000 0.0040007692  -0.00400534    271.87942 
 6469000 0.0039211196 -0.0039008347    274.07017 
 6470000 0.0039486064 -0.003907762    271.10394 
 6471000 0.0041418828 -0.0041356302    273.19208 
 6472000 0.0038965529 -0.0039093213    269.99281 
 6473000 0.0037275737 -0.0037620439    270.46641 
 6474000  0.003994656 -0.0039671263      269.446 
 6475000 0.0036909124 -0.0036820774    271.08132 
 6476000  0.003890272 -0.0038964406    271.44316 
 6477000 0.0037902528 -0.003785249    273.47692 
 6478000 0.0039098934 -0.0039076409    273.99792 
 6479000 0.0038233339 -0.0038662255    274.46004 
 6480000 0.0039694055 -0.003963378    275.64111 
 6481000 0.0038232429 -0.0038241197    274.70762 
 6482000 0.0038135445 -0.0037909008    270.11028 
 6483000 0.0039107233 -0.003903659    271.72043 
 6484000 0.0038211285 -0.0038343599    273.77772 
 6485000 0.0040239051 -0.0039976283    277.16439 
 6486000 0.0040251605 -0.0040380452    272.01403 
 6487000 0.0039338971 -0.0039556286    272.29173 
 6488000 0.0039285137 -0.0038762465    271.40541 
 6489000 0.0037777191 -0.0038075605     272.2661 
 6490000 0.0040054025 -0.0039975246    273.46118 
 6491000 0.0038529267 -0.0038310673    266.64272 
 6492000 0.0039821129 -0.0039831558    272.15412 
 6493000 0.0040397876 -0.0040330467    278.07938 
 6494000 0.0038399078 -0.0038167993    270.12426 
 6495000 0.0041509838 -0.0041384047    264.64121 
 6496000 0.0037767165 -0.0037755982    267.09208 
 6497000 0.0036316945 -0.0035958082    272.18837 
 6498000 0.0036962992 -0.0036708681    269.89575 
 6499000 0.0037787087 -0.0037259087    270.28542 
 6500000 0.0040016699 -0.0039812709    268.77668 
 6501000 0.0038212634 -0.0038038776    273.63558 
 6502000 0.0036812038 -0.0036653592    269.23797 
 6503000 0.0035733934 -0.003580613    271.85818 
 6504000  0.003706186 -0.0036915392    272.82601 
 6505000 0.0035003401 -0.0035301148    269.43259 
 6506000 0.0035356133 -0.0035371956      267.374 
 6507000 0.0035107568 -0.0035141665    274.05876 
 6508000 0.0036050669 -0.0036013269    267.10125 
 6509000 0.0035964655 -0.0035844143    270.78059 
 6510000 0.0036834095 -0.0036793597    274.11218 
 6511000 0.0036601806 -0.0036768199    267.02472 
 6512000  0.003448065 -0.0035214156    270.35145 
 6513000 0.0037898169 -0.0037757039    267.05823 
 6514000 0.0036131785 -0.0036380034     277.1465 
 6515000 0.0036951206 -0.0037178401    269.07618 
 6516000 0.0037332758 -0.0037367002    276.16808 
 6517000  0.003525821 -0.0035458067    270.05033 
 6518000 0.0038179956 -0.0038367425    271.90273 
 6519000  0.003906278 -0.0039211925    270.90119 
 6520000 0.0038031293 -0.0037840828    276.41036 
 6521000 0.0037262033  -0.00375112    271.11128 
 6522000 0.0037876186 -0.0037692427    274.95923 
 6523000  0.003619135 -0.0036425904    268.26617 
 6524000 0.0036685298 -0.0036788227    270.30242 
 6525000 0.0036549493 -0.0036386681    275.83855 
 6526000 0.0036959581 -0.0036711647    272.03707 
 6527000 0.0038083464 -0.0038374197    270.92997 
 6528000 0.0036751653 -0.0036659743    270.83803 
 6529000 0.0035610837 -0.0035654079    267.26447 
 6530000 0.0036293174 -0.0036506105    265.50324 
 6531000 0.0037438914 -0.0037373688    270.71152 
 6532000  0.003710704 -0.0037135961    273.74585 
 6533000 0.0036155981 -0.0035971836    267.18734 
 6534000 0.0038505469 -0.0038435681    270.86361 
 6535000 0.0037719576 -0.0037753339    276.01926 
 6536000 0.0039076262 -0.0039204613    269.69215 
 6537000 0.0039933982 -0.0040353858    266.89712 
 6538000 0.0039528104 -0.0039465358    272.93616 
 6539000 0.0039296261 -0.0039562588    266.36278 
 6540000 0.0040803268 -0.0041010221    268.55501 
 6541000 0.0037939201 -0.0038257114      273.411 
 6542000 0.0038360318 -0.0038448889    269.83685 
 6543000  0.003863317 -0.0038553827    265.08857 
 6544000 0.0037138221 -0.0037314148    268.57138 
 6545000 0.0037612882 -0.0037660511    274.83654 
 6546000 0.0037766772 -0.0037741166    270.03757 
 6547000 0.0038883813 -0.0039078147    264.91947 
 6548000   0.00384805 -0.0038522155      268.222 
 6549000 0.0037318767 -0.0037558888    271.76761 
 6550000 0.0037497487 -0.0037582802    268.97168 
 6551000   0.00384347 -0.0038698269    274.25515 
 6552000  0.003782008 -0.0038077113    268.10188 
 6553000 0.0038560432 -0.0039215426     264.3978 
 6554000 0.0037076325 -0.0037416439    270.07802 
 6555000 0.0039264423 -0.0039575647    263.78002 
 6556000 0.0036858092 -0.0036541144    270.37173 
 6557000 0.0037568716 -0.0037496497    269.66929 
 6558000 0.0037593997 -0.0037750098    275.46607 
 6559000 0.0038047167 -0.0037957671    270.39304 
 6560000 0.0040223222 -0.0040255701    271.55952 
 6561000 0.0038642096 -0.003845338    273.29584 
 6562000 0.0038870061 -0.0038968761    271.47756 
 6563000 0.0038227887 -0.0038348535    270.54749 
 6564000 0.0039425292 -0.0039312846    268.01222 
 6565000 0.0038071304 -0.003861264    274.58792 
 6566000  0.003720913 -0.0037474012    268.09915 
 6567000 0.0038726389 -0.0038790317    274.69377 
 6568000 0.0038655899 -0.0038883444    274.69808 
 6569000 0.0040410544 -0.0040468533    270.01469 
 6570000 0.0038017049 -0.0037993772    268.67595 
 6571000 0.0038273425 -0.0038640482    273.02405 
 6572000 0.0038198221 -0.0038340738    272.02979 
 6573000 0.0038995849 -0.0039121118    268.18724 
 6574000 0.0038232407 -0.0038080776    270.68929 
 6575000 0.0039898835 -0.0039702509    266.37292 
 6576000 0.0039650289 -0.0039592352    271.16917 
 6577000 0.0037653073 -0.003771558    266.97343 
 6578000 0.0037017776 -0.0037057145    269.44135 
 6579000 0.0038561279 -0.0038536171    269.58952 
 6580000 0.0039607939 -0.0039888877    271.09428 
 6581000 0.0038263549 -0.0037965055    269.54888 
 6582000 0.0037824181 -0.0037955804    269.90215 
 6583000 0.0038867473 -0.0038857391    269.58582 
 6584000 0.0037838381 -0.0037939748    268.82036 
 6585000 0.0038659252 -0.0038868642    272.87445 
 6586000 0.0038555932 -0.0038681645    273.44482 
 6587000 0.0039326574 -0.0039705645    271.60803 
 6588000 0.0040550242 -0.0040646647     270.5711 
 6589000 0.0041235255 -0.0041449666    274.04369 
 6590000 0.0042061163 -0.004178522    266.06738 
 6591000 0.0040956616 -0.0040958725    268.62559 
 6592000 0.0039405091 -0.0039756215    273.98484 
 6593000 0.0039215765 -0.0039229754    268.94339 
 6594000 0.0041703458 -0.0041252575    273.16061 
 6595000  0.004004337  -0.00399413    274.57374 
 6596000 0.0040796122 -0.0041025971    271.29446 
 6597000 0.0040869463 -0.0041208688    270.89495 
 6598000 0.0042070756 -0.0042237279     267.5695 
 6599000 0.0041914396 -0.0042005487    269.26974 
 6600000 0.0042096786 -0.004245981    273.50008 
 6601000 0.0040239101 -0.0040572516    271.59292 
 6602000 0.0039442625 -0.0039072115    269.63529 
 6603000 0.0039397093 -0.0039007478     272.7001 
 6604000 0.0041983108 -0.0042102616    273.56657 
 6605000 0.0042441226 -0.0042228034    269.34781 
 6606000 0.0041208657 -0.0041182934    276.20348 
 6607000 0.0043383683 -0.0043276468    271.91559 
 6608000 0.0039717943 -0.0039761415    271.94042 
 6609000 0.0041112646 -0.0041252328    274.88295 
 6610000 0.0038754492 -0.0038469603    266.09943 
 6611000 0.0036841306 -0.0037241474    274.97206 
 6612000 0.0038332163 -0.0038636539    270.78516 
 6613000 0.0041376337 -0.004151626    274.12175 
 6614000 0.0039393251 -0.0039687267     272.8649 
 6615000 0.0040069627 -0.0040062644    271.33086 
 6616000 0.0041083079 -0.004083091    272.33163 
 6617000 0.0041808327 -0.0041678187     272.3885 
 6618000 0.0038488208 -0.0038786353    268.90813 
 6619000 0.0038591886 -0.0038589815    271.84304 
 6620000 0.0039299503 -0.0039000101    271.38403 
 6621000 0.0040021257 -0.004002117    270.30617 
 6622000 0.0039524322 -0.0039286982    272.23521 
 6623000 0.0039796485 -0.0040031838    270.10888 
 6624000 0.0038624275 -0.0039056556    268.75416 
 6625000  0.003971862 -0.0039979951    267.97448 
 6626000 0.0038864627 -0.0039116058     269.9642 
 6627000 0.0039423466 -0.0039902459    270.46119 
 6628000 0.0040302621 -0.0040364485    269.53894 
 6629000 0.0039868777 -0.0040309397    270.01796 
 6630000 0.0038115047 -0.0038433794    271.46668 
 6631000 0.0038028093 -0.0038116173    267.03147 
 6632000 0.0038620358 -0.0038966823    268.15883 
 6633000  0.003831721 -0.0038474704    268.49198 
 6634000 0.0039236712 -0.003923636    270.94044 
 6635000 0.0038668955 -0.0038852231      272.868 
 6636000 0.0040003942 -0.0040232872    270.41674 
 6637000 0.0039385557 -0.0039257487    268.67575 
 6638000  0.003774729 -0.0038046335    270.48623 
 6639000 0.0038207487 -0.0038081727     274.8703 
 6640000 0.0036186255 -0.0036189634    274.19323 
 6641000 0.0039186402 -0.0038985718    272.51444 
 6642000  0.003726243 -0.0037430065    267.22911 
 6643000 0.0038806266 -0.0039328228    271.87932 
 6644000 0.0037516122 -0.0037703013    271.31743 
 6645000 0.0037001495 -0.0037194277    271.49047 
 6646000 0.0036060724 -0.0036172731    277.97296 
 6647000 0.0035758016 -0.0035866943    267.88446 
 6648000 0.0037148762 -0.0037725152    270.93954 
 6649000 0.0037569794 -0.0037611779    270.67933 
 6650000 0.0036577014 -0.0036773788    270.38782 
 6651000 0.0037199697 -0.0037081976    271.69198 
 6652000  0.003666997 -0.0037016649    274.02043 
 6653000 0.0040628438 -0.0041002696    269.74366 
 6654000  0.003981786 -0.0040319716    271.11979 
 6655000 0.0039656719 -0.0039675403    266.44052 
 6656000 0.0039364203 -0.0039349087    272.64115 
 6657000 0.0038904473 -0.0039250444    272.91091 
 6658000 0.0038207737 -0.0038715414    274.48571 
 6659000 0.0039017995 -0.0039333666    271.60773 
 6660000 0.0039059397 -0.0039150474    272.46716 
 6661000 0.0040831413 -0.0040997741    268.78217 
 6662000 0.0040828682 -0.0041131305    270.15334 
 6663000 0.0041537863 -0.0041803959     267.3953 
 6664000 0.0041387718 -0.0041646376     265.9126 
 6665000  0.004230877 -0.0042386754    268.63388 
 6666000 0.0042540034 -0.0042967751    270.75225 
 6667000 0.0042960478 -0.0042938764    272.01031 
 6668000 0.0042496481 -0.0043012592    271.05386 
 6669000  0.004237769 -0.0042773021    262.87555 
 6670000 0.0041984088 -0.0042281712    274.48259 
 6671000 0.0042159238 -0.0042348599    267.41882 
 6672000 0.0041736844 -0.004201953    266.53734 
 6673000 0.0042660858 -0.0043271735    274.06065 
 6674000 0.0041780592 -0.0042034539    275.87977 
 6675000 0.0040255961 -0.0040620738    267.47724 
 6676000 0.0043624641 -0.0043653692    272.23898 
 6677000 0.0042290774 -0.0042157422    273.74271 
 6678000 0.0042100076 -0.0042423672    273.53215 
 6679000 0.0043341083 -0.0043209167    273.07026 
 6680000 0.0040948547 -0.004119127    271.80691 
 6681000 0.0040763934 -0.0040958671    271.19972 
 6682000 0.0039111585 -0.0039782352    268.53423 
 6683000 0.0038730867 -0.0039195839    272.93782 
 6684000  0.003974472 -0.0039981357    272.51673 
 6685000 0.0038588519 -0.0038747139    275.42812 
 6686000 0.0038307993 -0.0038731827    270.96939 
 6687000 0.0037882104 -0.0038210724    275.28093 
 6688000 0.0037934541 -0.0037835314    267.01566 
 6689000 0.0037967681 -0.0038742676     271.1325 
 6690000 0.0038183376 -0.0038144692    273.87441 
 6691000 0.0039044424 -0.0038999736     275.9693 
 6692000 0.0038902247 -0.0038887423    273.27383 
 6693000 0.0039346921 -0.0039575869    269.19088 
 6694000 0.0038908906 -0.0039425031    270.23943 
 6695000 0.0037404769 -0.0037757803    275.70665 
 6696000 0.0038241271 -0.0038258501    272.91332 
 6697000 0.0036852304 -0.003720869    266.76995 
 6698000 0.0036596103 -0.0036485656    272.24159 
 6699000 0.0038308896 -0.0038587123    267.13227 
 6700000 0.0037217972 -0.0037507247    270.25797 
 6701000 0.0037829722 -0.0037785776    269.97969 
 6702000  0.003735138 -0.0037687557     274.9201 
 6703000 0.0037207938 -0.0037380504    272.00435 
 6704000 0.0038935178 -0.0039302359    272.01795 
 6705000  0.003934519 -0.0039476987    265.75835 
 6706000 0.0038903498 -0.0039403906    270.39746 
 6707000 0.0035950811 -0.0036473603    272.66448 
 6708000 0.0036521783 -0.0036877496    275.65405 
 6709000 0.0037445873 -0.0037713959    269.91163 
 6710000  0.003624002 -0.0036208282    275.44391 
 6711000 0.0036899747 -0.0036942487     272.4845 
 6712000 0.0037400483 -0.0037769835     272.3487 
 6713000     0.003815 -0.0038100734    269.27001 
 6714000  0.003922787 -0.0039473421    269.38552 
 6715000 0.0038633156 -0.0038806801    268.32727 
 6716000 0.0037095995 -0.0037547639    268.10343 
 6717000 0.0034687372 -0.0035229078    273.05206 
 6718000 0.0036820824 -0.0037031784    270.19328 
 6719000 0.0035248956 -0.0035360937    272.89556 
 6720000 0.0036023633 -0.0036137719    270.11811 
 6721000 0.0034124496 -0.0034722834    269.54285 
 6722000 0.0037649974 -0.0038145173     275.5661 
 6723000 0.0037060245 -0.0037053534    274.11519 
 6724000 0.0035206161 -0.0035416564    277.53431 
 6725000 0.0034976231 -0.0035473733     272.5248 
 6726000 0.0036102687 -0.003637112    269.50778 
 6727000 0.0037056728 -0.0037099276    266.06333 
 6728000 0.0036645982 -0.0036729896    272.88911 
 6729000  0.003713306 -0.0037292492    267.78975 
 6730000 0.0035226951  -0.00350796    266.34268 
 6731000  0.003463803 -0.0034627469    269.31562 
 6732000 0.0035986722 -0.0036250286    264.36299 
 6733000 0.0033327109 -0.0033437018    270.20423 
 6734000 0.0033824282 -0.0034047411    274.89481 
 6735000 0.0034518239 -0.0034529189    267.36195 
 6736000 0.0036293282 -0.0036353799     271.4266 
 6737000  0.003560027 -0.0035472783    268.24305 
 6738000 0.0034696679 -0.0034586115     274.7027 
 6739000 0.0035110146 -0.0035029555     269.9632 
 6740000 0.0033970364 -0.0033870456    271.36274 
 6741000 0.0036158133 -0.0035829703    269.47021 
 6742000 0.0035833459 -0.0035912751    267.63439 
 6743000 0.0036276551 -0.0036338142    275.11547 
 6744000 0.0034754318 -0.0034912519    267.60464 
 6745000 0.0035690925 -0.0035757261    272.12561 
 6746000 0.0033170432 -0.003320487    269.35586 
 6747000 0.0034985527 -0.0034943259    271.01901 
 6748000 0.0034300229 -0.0034377241    269.68269 
 6749000 0.0034108153 -0.0034288177    270.80287 
 6750000 0.0035051852 -0.0034716234    276.12884 
 6751000 0.0035612258 -0.003631295    266.53962 
 6752000 0.0035140279 -0.0035055292    267.34406 
 6753000 0.0035303508 -0.0035002592    269.90947 
 6754000 0.0035225713 -0.0035423757    271.48471 
 6755000 0.0034154778 -0.0034272348    266.15293 
 6756000 0.0034104268 -0.0034546087    270.01438 
 6757000 0.0034981727 -0.0034900576    270.07664 
 6758000 0.0033754728 -0.0033906708     267.7116 
 6759000 0.0035743563 -0.0035573126    272.42459 
 6760000 0.0035100803 -0.003502132    274.17891 
 6761000 0.0035290403 -0.0035497873      270.369 
 6762000 0.0033774352 -0.0033506138    273.00991 
 6763000 0.0033860904 -0.0033991903    270.74173 
 6764000 0.0031934833 -0.0032359095    270.24882 
 6765000 0.0033048926 -0.0033025321    272.60337 
 6766000  0.003210763 -0.0032112264    270.11561 
 6767000 0.0033452855 -0.0033486722    269.67837 
 6768000 0.0032316853 -0.0032784004    275.27124 
 6769000 0.0032752414 -0.003261639    272.52246 
 6770000 0.0031768629 -0.0032042196    277.29183 
 6771000 0.0034655043 -0.0034574464     273.0406 
 6772000 0.0034120548 -0.0034478524    272.79647 
 6773000 0.0035028508 -0.0035161096    271.92473 
 6774000 0.0035439336 -0.003544926    266.44559 
 6775000 0.0035388775 -0.0035627304    269.52912 
 6776000 0.0034128967 -0.0034443071    273.04477 
 6777000  0.003507186 -0.0035187066     264.3153 
 6778000 0.0036583343 -0.003675033    268.23596 
 6779000 0.0035731871 -0.0035802505    270.03521 
 6780000 0.0034015829 -0.0034028252    263.11744 
 6781000 0.0033813734 -0.0033711632    269.34407 
 6782000 0.0034525009 -0.0034341569    273.52517 
 6783000 0.0034021886 -0.0033695158    267.56325 
 6784000 0.0032259426 -0.0032471312    271.99402 
 6785000 0.0033563509 -0.0033122715    274.40544 
 6786000 0.0035338408 -0.0035346248    269.07484 
 6787000 0.0033632976 -0.0033580732    269.01491 
 6788000 0.0033282559 -0.0033586088    267.75199 
 6789000   0.00336435 -0.0033677991    275.06287 
 6790000 0.0031865223 -0.0031868589    267.06498 
 6791000 0.0033395567 -0.0033858566    272.05154 
 6792000   0.00345634 -0.0034953872    268.87454 
 6793000 0.0033726047 -0.0033803735    273.01217 
 6794000 0.0034580832 -0.0034724772    266.02411 
 6795000 0.0034883447 -0.0035105711    267.49075 
 6796000  0.003463054 -0.003467905    272.87959 
 6797000 0.0035365881 -0.0035209427     268.4533 
 6798000 0.0034786188 -0.0034847657    271.19931 
 6799000  0.003489841 -0.0034740827     266.5839 
 6800000 0.0036288925 -0.0036301598    266.71121 
 6801000 0.0035272711 -0.0035317339    272.00782 
 6802000 0.0035907504 -0.0036018514    272.29442 
 6803000 0.0035971474 -0.0036011745    269.24067 
 6804000 0.0034524914 -0.0034744605    268.55393 
 6805000 0.0032764295 -0.0033569144    272.25203 
 6806000 0.0033806754 -0.0034262286    271.40831 
 6807000 0.0035590861 -0.003580024    274.86142 
 6808000  0.003715023 -0.003761493    270.99305 
 6809000 0.0033689003 -0.0034002688    274.88065 
 6810000 0.0034866403 -0.0035211904    267.74025 
 6811000 0.0033143513 -0.0033591749    270.07068 
 6812000 0.0034781703 -0.0035264063     267.3584 
 6813000 0.0036537678 -0.0036804056    267.78677 
 6814000 0.0034669926 -0.0034859608    273.54753 
 6815000 0.0033725246 -0.0034302554    268.76049 
 6816000 0.0034790998  -0.00347001    269.88905 
 6817000 0.0035347595 -0.0035494319    269.88451 
 6818000 0.0035656283 -0.0036029556    274.14265 
 6819000 0.0035272202 -0.0035779398    272.16309 
 6820000 0.0033417049 -0.0033707458    268.62467 
 6821000 0.0033419773 -0.0033906752     272.7279 
 6822000 0.0035855926 -0.0036435824    274.82706 
 6823000 0.0034679699 -0.0034400658    271.71671 
 6824000 0.0034987418 -0.0035442057    262.05464 
 6825000 0.0033858828 -0.003387993    271.58645 
 6826000 0.0035337867 -0.0035279281    273.57695 
 6827000 0.0033760541 -0.0034481016    270.53343 
 6828000 0.0035417054 -0.0035733225    269.78721 
 6829000 0.0036233043 -0.0036673143    275.47927 
 6830000 0.0035398628 -0.0035637646     267.4811 
 6831000 0.0036736679 -0.0036214574    274.82932 
 6832000 0.0033709868 -0.0033976817    273.27693 
 6833000 0.0037381991 -0.0037305806    262.74955 
 6834000 0.0037140249 -0.0037362386    272.48965 
 6835000 0.0037364139 -0.0037631934    273.39807 
 6836000 0.0036774284 -0.0036752105    273.01673 
 6837000 0.0039132374 -0.0039534113     269.4213 
 6838000 0.0038809704 -0.0038971344    273.97728 
 6839000   0.00382879  -0.00381476    270.42845 
 6840000 0.0037494474 -0.0037532145     270.2419 
 6841000 0.0037404861 -0.0037556075    270.79048 
 6842000  0.003695424 -0.0037483833    268.12629 
 6843000 0.0036390542 -0.0036953939    266.98599 
 6844000 0.0035888769 -0.0035816083    267.30379 
 6845000 0.0035340891 -0.0035741359    270.88647 
 6846000 0.0036294097 -0.0036552624     265.0591 
 6847000 0.0035601976 -0.003579065    268.85261 
 6848000 0.0036285779 -0.0036283928    268.21608 
 6849000 0.0034806564 -0.0035056421    268.54269 
 6850000 0.0034879652 -0.0034800265    271.44752 
 6851000 0.0036580934 -0.0036773806    274.08063 
 6852000 0.0037028117 -0.0037482772    269.35063 
 6853000 0.0035735793 -0.003575504    267.77921 
 6854000 0.0033607078 -0.0034063876    274.61667 
 6855000 0.0033320188 -0.0033613653    268.88994 
 6856000 0.0038212229 -0.0038401156    275.29837 
 6857000 0.0036901197 -0.0036988003    275.06713 
 6858000  0.003553648 -0.0035548561    274.91439 
 6859000 0.0037698224 -0.003772371     268.6682 
 6860000 0.0037879267 -0.0038132966    270.90345 
 6861000 0.0036138971 -0.003614359    272.17632 
 6862000  0.003608054 -0.003619999    269.89993 
 6863000 0.0036104469 -0.0036373461    269.98133 
 6864000 0.0036359791 -0.003607589    270.93378 
 6865000  0.003570482 -0.0036135867     271.1651 
 6866000 0.0036905097 -0.0037160103    274.30225 
 6867000 0.0036833369 -0.0037198242       269.66 
 6868000 0.0039255795 -0.0039638622    271.26651 
 6869000 0.0041672901 -0.004202744    271.43833 
 6870000 0.0039180665 -0.0039422839    276.09187 
 6871000 0.0037708682 -0.0038037699    273.84005 
 6872000 0.0037828684 -0.0037901058    275.81649 
 6873000  0.003837025 -0.0038705243    272.82338 
 6874000 0.0037675584 -0.0038252627    271.20503 
 6875000 0.0036397948 -0.0037085848    278.30856 
 6876000 0.0038603043 -0.0039151019    270.70046 
 6877000 0.0036338201 -0.0036951295     270.7633 
 6878000 0.0036337133 -0.0037086883    271.83428 
 6879000  0.003566691 -0.0036035342    264.59142 
 6880000 0.0035579721 -0.0035441622    266.22681 
 6881000 0.0036872604 -0.0037091437    271.40497 
 6882000 0.0036667054 -0.0036631055    271.45054 
 6883000 0.0034732757 -0.0034735861    272.73118 
 6884000 0.0036045972 -0.0036407008     264.6396 
 6885000  0.003556264 -0.0035543649    269.67014 
 6886000 0.0035589407 -0.0035702045     270.2936 
 6887000 0.0036913267 -0.0037144831    268.22698 
 6888000 0.0037041299 -0.0037513866    272.73176 
 6889000 0.0037100843 -0.003757513    273.05379 
 6890000 0.0036176662 -0.0036613668    268.05715 
 6891000 0.0035931258 -0.0036028947    270.42659 
 6892000  0.003664658 -0.0036826416    268.35934 
 6893000 0.0036369483 -0.003662579    275.04958 
 6894000 0.0036162994 -0.0036212092    272.74126 
 6895000 0.0037438344  -0.00374341    269.14433 
 6896000 0.0038029773 -0.0038189454    271.52284 
 6897000 0.0036398393 -0.0036922222     272.4805 
 6898000 0.0038784431 -0.0038819054    264.53909 
 6899000 0.0036732883 -0.0036949209    270.39369 
 6900000 0.0036016477 -0.0036400089    271.25301 
 6901000 0.0038391847 -0.0038498125    265.77097 
 6902000 0.0037044869 -0.0037068674    274.33891 
 6903000 0.0036655524 -0.0036499051    267.37204 
 6904000 0.0037666183 -0.0038346076    271.60946 
 6905000 0.0038314928 -0.0038861603    271.96042 
 6906000 0.0037864343 -0.0038442761     272.4558 
 6907000 0.0039382376 -0.0039197487    266.71335 
 6908000 0.0037865241 -0.0038223376    275.67217 
 6909000  0.003919997 -0.0039672934    271.39526 
 6910000 0.0039795707 -0.0040126389    270.03097 
 6911000 0.0038048615 -0.0038442098     272.0325 
 6912000 0.0036657753 -0.0037273225    272.32651 
 6913000 0.0037637274  -0.00378824    267.77474 
 6914000 0.0037484659 -0.0037600663     268.3594 
 6915000 0.0036687464 -0.0036954361    268.81846 
 6916000 0.0036479414 -0.0036579905     272.6633 
 6917000 0.0038299924 -0.0038334858     274.0416 
 6918000 0.0037324617 -0.0037153541    268.07343 
 6919000 0.0037325266 -0.0037534987    266.23218 
 6920000 0.0037075156 -0.0037621777    269.35293 
 6921000  0.003731246 -0.0037665297    274.07105 
 6922000 0.0037529965 -0.0037579499    272.39622 
 6923000 0.0036416383 -0.0036630772     272.2134 
 6924000 0.0037693795 -0.0037753513    267.06676 
 6925000 0.0037339552 -0.0037551029    275.90883 
 6926000 0.0037713746 -0.0037591116    275.18813 
 6927000 0.0035216068 -0.0035503472    274.72921 
 6928000 0.0037800968 -0.0038020155    270.85279 
 6929000 0.0037213572 -0.003721488    268.47732 
 6930000 0.0037395339 -0.0037237178    268.26391 
 6931000 0.0039238693 -0.0039727313    273.02385 
 6932000 0.0036785453 -0.0036781833    274.63223 
 6933000 0.0038543453 -0.0038522321    266.90733 
 6934000 0.0039070017 -0.0039144073    271.20873 
 6935000 0.0037798589 -0.0037851374    268.61342 
 6936000 0.0038136845 -0.0038236297    271.61816 
 6937000 0.0037086175 -0.0037318069    269.61624 
 6938000 0.0037577332 -0.0037795663    270.12439 
 6939000 0.0039128347 -0.0039308629    273.34648 
 6940000 0.0039121667 -0.0039459984    272.22834 
 6941000 0.0037718615 -0.0037893819    270.29595 
 6942000 0.0038163534 -0.0038035431    273.48075 
 6943000 0.0037204297 -0.003728717    271.48149 
 6944000 0.0038317943 -0.0038330351    275.61129 
 6945000 0.0037325273 -0.0037642764    266.67465 
 6946000 0.0038044155 -0.0037794192    271.21655 
 6947000 0.0040087958 -0.0040200093    269.63233 
 6948000 0.0041191943 -0.0041323301    275.92589 
 6949000 0.0039860743 -0.004027593    268.10337 
 6950000 0.0040559989 -0.0040516118    274.63558 
 6951000 0.0039275322 -0.0039439761    266.08033 
 6952000  0.003969573 -0.0040092557    272.93362 
 6953000 0.0038679413 -0.0038721403     268.3259 
 6954000  0.003850777 -0.0038521218    274.92424 
 6955000 0.0039529364 -0.0039774809    269.10168 
 6956000 0.0036032507 -0.0035909764    272.50473 
 6957000 0.0036958626 -0.0037647467    272.67392 
 6958000 0.0039596217 -0.0040099186    272.50371 
 6959000 0.0039020472 -0.0039589579     268.9327 
 6960000 0.0039056379 -0.0039043432    271.85728 
 6961000 0.0037648827 -0.0037711145    274.16384 
 6962000 0.0039536931 -0.0039699471    274.36819 
 6963000 0.0039315455 -0.0039632362    273.50172 
 6964000  0.004139009 -0.0041533128    268.16813 
 6965000 0.0039213681 -0.0039571087    269.07178 
 6966000 0.0039123268 -0.0039098588     271.6491 
 6967000 0.0038831821 -0.0039028701    271.20295 
 6968000 0.0040514838  -0.00407705    274.31718 
 6969000 0.0040132322 -0.0040331545    270.68406 
 6970000 0.0038395772 -0.003862902    270.32931 
 6971000 0.0040125932 -0.0040074701    273.46176 
 6972000 0.0040028178 -0.004033977    269.48116 
 6973000 0.0040423466 -0.0040315926     271.1992 
 6974000 0.0037708604 -0.0037914739    267.13348 
 6975000 0.0040492308 -0.0040572915    270.42305 
 6976000 0.0040774031 -0.004115089    270.23711 
 6977000 0.0039809415 -0.0040082162    270.17062 
 6978000 0.0039543761 -0.0039968776    271.92336 
 6979000 0.0039464464 -0.0039431873    268.06177 
 6980000 0.0039045333 -0.0038949832    266.98928 
 6981000 0.0038659834 -0.0038963095    271.33422 
 6982000 0.0038618803  -0.00385183    273.25706 
 6983000 0.0038562019 -0.0038781721    270.64465 
 6984000 0.0039207821 -0.0039029301    272.63826 
 6985000  0.003769495 -0.0038166793    267.99986 
 6986000 0.0039353306 -0.003974497     270.9109 
 6987000  0.003706485 -0.003731991    271.02655 
 6988000 0.0038217932 -0.0038471001    270.67221 
 6989000 0.0040213784 -0.0040235323    273.14191 
 6990000 0.0040339946 -0.0040376156    267.83299 
 6991000 0.0038954265 -0.0039033841     273.4149 
 6992000 0.0038825069 -0.0039121233    274.08955 
 6993000 0.0038124136 -0.0038286213    269.70751 
 6994000 0.0038075346 -0.0038158538    277.37277 
 6995000 0.0035475446 -0.0036007996    275.33106 
 6996000 0.0036043534 -0.0036559456    272.16854 
 6997000 0.0035434795 -0.0035592574    275.92366 
 6998000 0.0036240937 -0.0036744544    266.62196 
 6999000 0.0036341192 -0.003637315    274.02949 
 7000000 0.0036829391 -0.0036720066     273.8448 

