5000000            0            0    326.20043 
 5001000 0.0012248205 -0.0013043158    274.13058 
 5002000  0.001512306 -0.0015570967    271.95233 
 5003000 0.0014324704 -0.0014391783    269.87848 
 5004000 0.0016342391 -0.0016800288    268.11586 
 5005000 0.0019003775 -0.0019321063    272.58021 
 5006000 0.0019575361 -0.0019945103    272.82715 
 5007000 0.0021002787 -0.0021087107    272.19977 
 5008000 0.0022527848 -0.0022897809    268.57979 
 5009000 0.0021273755 -0.0021336503    269.87762 
 5010000 0.0024245222 -0.0024585247     274.1286 
 5011000  0.002789862 -0.0028004876    273.49188 
 5012000 0.0025562377 -0.0026075903    269.08903 
 5013000 0.0026800044 -0.0027224172    274.06044 
 5014000 0.0029230361 -0.0029223517    272.79161 
 5015000 0.0028339208 -0.0028310777    267.54872 
 5016000 0.0027935524 -0.0028481659    273.59814 
 5017000 0.0030209122 -0.0029932447    274.22585 
 5018000 0.0031573352 -0.0031447995    273.44963 
 5019000  0.003083776 -0.003102465    270.98612 
 5020000 0.0032994037 -0.0033092003    272.60301 
 5021000 0.0034537889 -0.0034876855    268.22281 
 5022000 0.0033873796 -0.0033637913    270.13712 
 5023000 0.0034582033 -0.0034798317    274.78717 
 5024000 0.0037590208 -0.0037867494     270.9687 
 5025000 0.0035815049 -0.003572917     269.2131 
 5026000 0.0036191242 -0.0036408931    268.75338 
 5027000 0.0037440796 -0.0037544566    271.88926 
 5028000  0.003663072 -0.0036875608    269.80696 
 5029000 0.0037434813 -0.0037100388    270.22959 
 5030000 0.0037936065 -0.0038122154    268.88606 
 5031000 0.0038548535 -0.0038491287    275.41303 
 5032000 0.0038587598 -0.0038483937    270.71672 
 5033000 0.0038127022 -0.0038165727    273.81442 
 5034000 0.0039905118 -0.004027422    273.50822 
 5035000 0.0039266756 -0.0039346365    270.74619 
 5036000 0.0041190705 -0.0041418401    267.84969 
 5037000 0.0041655103 -0.0041513173    269.42559 
 5038000 0.0041681485 -0.0041994326    273.74531 
 5039000 0.0044127346 -0.004402978    273.87637 
 5040000 0.0044354815 -0.0044379681    269.56228 
 5041000 0.0045347512 -0.0044955183     274.0043 
 5042000 0.0045953978 -0.0045731544     268.8749 
 5043000 0.0043531252 -0.004364739    268.18958 
 5044000 0.0043384004 -0.0043445225    272.02286 
 5045000 0.0045495998 -0.0045371997    267.79821 
 5046000 0.0045255012 -0.0045547446    273.82458 
 5047000 0.0043893069 -0.0044062939    270.90876 
 5048000 0.0044136653 -0.0043985484    275.34994 
 5049000 0.0044056728 -0.004378406    270.45881 
 5050000 0.0044480457 -0.0044548951    266.76337 
 5051000 0.0042567454 -0.0042253873    268.52618 
 5052000 0.0044211476 -0.0044443672    271.36444 
 5053000 0.0043021426 -0.0043306333    272.72772 
 5054000   0.00452881 -0.0045161536    266.45755 
 5055000 0.0044857459 -0.0044851767    267.20668 
 5056000 0.0045300978 -0.004549649    273.79646 
 5057000 0.0046044114 -0.0046309592     265.6904 
 5058000  0.004686973 -0.0047222205    273.40494 
 5059000 0.0047785097 -0.0047381917    268.36169 
 5060000 0.0046625509 -0.0046236155    275.10593 
 5061000 0.0047294507 -0.004708294    266.66503 
 5062000 0.0048446091 -0.004859356    270.78741 
 5063000 0.0049770206 -0.0049676642     267.9557 
 5064000 0.0048114294 -0.0048503972    271.86219 
 5065000 0.0048905574 -0.004898465    269.32997 
 5066000 0.0047495441 -0.0047773125    267.25134 
 5067000 0.0048962739 -0.0049095793    274.73801 
 5068000 0.0049059726 -0.0048834841    273.23276 
 5069000   0.00480623 -0.0047937951    271.33249 
 5070000 0.0045761975 -0.0046091996    270.01044 
 5071000 0.0048119604 -0.004825877    271.16001 
 5072000 0.0048325688  -0.00481565    274.14655 
 5073000 0.0047364521 -0.0047411595    267.99909 
 5074000 0.0046311277 -0.0046330238    270.42488 
 5075000 0.0048297524 -0.0048219697    270.66125 
 5076000 0.0047851868 -0.004777894    270.59859 
 5077000 0.0048817291 -0.004878584    269.04857 
 5078000 0.0049211474 -0.0049232226    271.59693 
 5079000 0.0046415085 -0.0046423119    269.09748 
 5080000 0.0046061623 -0.0046027569    268.19495 
 5081000 0.0045629414 -0.004558258    270.66283 
 5082000 0.0046025145 -0.0046144591    268.23433 
 5083000 0.0045294194 -0.004535939    266.70706 
 5084000 0.0046134688 -0.0046091173    270.81208 
 5085000 0.0046110779 -0.0046507297    269.68537 
 5086000 0.0047806735 -0.0048016746      273.175 
 5087000 0.0047414203 -0.0047899433    269.90762 
 5088000 0.0046538889 -0.0046673058    276.70794 
 5089000 0.0047376521 -0.0047340972    270.33028 
 5090000 0.0049924328 -0.0050260093     273.8928 
 5091000 0.0050274412 -0.005040701    272.32171 
 5092000 0.0049699977 -0.0049643318    267.52443 
 5093000 0.0049317309 -0.0049881461    266.66219 
 5094000 0.0051099195 -0.0051629205    266.10414 
 5095000 0.0051496281 -0.0051712163    271.38007 
 5096000 0.0049758463 -0.0049911027    268.41118 
 5097000 0.0052139834 -0.0052245082    268.23949 
 5098000 0.0052212169 -0.0051913352    273.74621 
 5099000 0.0050633984 -0.0050469094    269.72419 
 5100000 0.0050957265 -0.0051207964    266.09451 
 5101000 0.0053167923 -0.0053541033    271.21532 
 5102000 0.0051590243 -0.0051353271    272.23535 
 5103000 0.0053973329 -0.005428688    266.78891 
 5104000 0.0054723372 -0.0055015979    271.08899 
 5105000 0.0051952118 -0.005219001    270.87756 
 5106000 0.0051693844 -0.0051619374     267.2355 
 5107000 0.0051314228 -0.0051630176    269.64474 
 5108000 0.0050440869 -0.0051076121    270.88357 
 5109000 0.0051898357  -0.00521531    268.94972 
 5110000 0.0050635855 -0.0051104225    269.80011 
 5111000  0.005081778 -0.0050956381    269.42229 
 5112000 0.0050709238 -0.0050969651    268.04461 
 5113000 0.0050204732 -0.0050241902    270.74301 
 5114000 0.0050886535 -0.0050954495    266.39621 
 5115000  0.005300745 -0.0052910757    275.22567 
 5116000  0.005226692 -0.0052314059    269.19273 
 5117000 0.0053218419 -0.0053086965    272.22141 
 5118000 0.0052402591 -0.0052043493    269.39334 
 5119000 0.0052403565 -0.0052294713    266.23912 
 5120000 0.0052258714 -0.0052169172    270.67798 
 5121000 0.0052972387 -0.0052865413    268.86949 
 5122000 0.0052319112 -0.0052217148    274.79122 
 5123000 0.0052568391 -0.0052081085    269.80463 
 5124000 0.0054605088 -0.0054475947     268.9494 
 5125000 0.0052760498 -0.0052872176      274.422 
 5126000 0.0052810773 -0.0053121601    267.78264 
 5127000 0.0052929257 -0.0053154668    267.03591 
 5128000 0.0054522744 -0.0054308375    269.08335 
 5129000  0.005329478 -0.0053320181    279.91517 
 5130000 0.0055594065 -0.0055727124    270.01828 
 5131000 0.0054307028 -0.0054297035    271.09304 
 5132000 0.0055532724 -0.0055763364    271.08494 
 5133000 0.0055397296 -0.005536736    263.92224 
 5134000 0.0055081848 -0.0055356052     274.9396 
 5135000 0.0055601051 -0.0055532176    275.25781 
 5136000 0.0056078155 -0.0055904771    272.32533 
 5137000 0.0055585591 -0.0055901862    270.81322 
 5138000 0.0055084507 -0.0054922575    273.25475 
 5139000 0.0056330357 -0.0056057634    277.64973 
 5140000 0.0053974921 -0.005417043    271.04497 
 5141000 0.0054605143 -0.0054401078    270.67291 
 5142000 0.0055813503 -0.0055825107    273.21648 
 5143000 0.0057058355 -0.0056926022    275.25995 
 5144000 0.0056053349 -0.0056366326    268.71762 
 5145000 0.0057996834 -0.0058090636    271.87747 
 5146000 0.0056963525 -0.0057123937    266.15178 
 5147000 0.0058658911 -0.0058381093    265.27627 
 5148000 0.0057374902 -0.0057214168    270.28546 
 5149000 0.0056964308 -0.0057243401    272.79143 
 5150000 0.0057563334 -0.0057546552    271.98205 
 5151000 0.0054928895 -0.0054757988    271.59088 
 5152000 0.0056704132 -0.0056642749    271.19124 
 5153000 0.0055077884 -0.0055075993    270.90844 
 5154000 0.0055865243 -0.0056046327    274.89507 
 5155000 0.0054839695 -0.0054805288     266.1196 
 5156000  0.005393422 -0.005385782    270.40505 
 5157000 0.0054543701 -0.0054529068    270.18596 
 5158000 0.0052848381 -0.0052942332    273.82419 
 5159000 0.0053489464 -0.0053896983    271.19243 
 5160000 0.0054187725 -0.0054681113    269.36912 
 5161000 0.0056959374 -0.0056921563    270.00918 
 5162000 0.0057756202 -0.0057320201     267.8935 
 5163000 0.0059555841 -0.0059008768    270.95961 
 5164000 0.0057958712 -0.0057917198    273.79118 
 5165000 0.0056176461 -0.005617498    271.82979 
 5166000 0.0057017547 -0.005744103    269.32062 
 5167000 0.0056877329 -0.0056780285    278.00911 
 5168000 0.0058167047 -0.0058247937    270.11508 
 5169000  0.005682692 -0.0057061863    269.45269 
 5170000 0.0057039178 -0.0057161791    273.46716 
 5171000  0.005664675 -0.0056610944    272.71487 
 5172000 0.0058507181  -0.00583214    266.75973 
 5173000 0.0057068596 -0.0056904487    271.29637 
 5174000 0.0056102034 -0.0055924187    269.31459 
 5175000 0.0056683199 -0.0056378948    271.53759 
 5176000 0.0057871091 -0.0057736005     270.3368 
 5177000 0.0057253964 -0.0056961612    273.33843 
 5178000 0.0055522858 -0.0054997958    276.06487 
 5179000 0.0058430952 -0.0058145739    271.83318 
 5180000 0.0059637743 -0.0059634006    274.72561 
 5181000 0.0058365768 -0.0058701309    266.20129 
 5182000  0.005984631 -0.0059819215    269.77044 
 5183000 0.0057136029 -0.0057084733     269.4116 
 5184000 0.0058843436 -0.005867934    274.05503 
 5185000 0.0057448377 -0.0057549258    276.41646 
 5186000 0.0057350516 -0.0056978563    270.58007 
 5187000 0.0056371217 -0.0056214004     265.8636 
 5188000 0.0056882934 -0.0056742748    272.80782 
 5189000 0.0055337141 -0.0055224384    270.56972 
 5190000 0.0055826514 -0.0055549203    267.67663 
 5191000 0.0056766333 -0.0056382899    276.94782 
 5192000 0.0058162612  -0.00580862     269.0388 
 5193000 0.0057368358 -0.0057463168    273.60712 
 5194000 0.0058328653 -0.0058290517    269.56959 
 5195000  0.005633716 -0.0056108683    270.76486 
 5196000 0.0055879535 -0.0055953017    272.70047 
 5197000 0.0054161162 -0.0054366256    269.82164 
 5198000 0.0056569042 -0.0056458636     269.3002 
 5199000  0.005675362 -0.005646575    275.63324 
 5200000 0.0056958262 -0.0056650545    266.24599 
 5201000 0.0058211288 -0.0058369263    268.09355 
 5202000 0.0059102086 -0.0059240475    266.68088 
 5203000  0.005867906 -0.0058500265    272.43989 
 5204000 0.0056937192 -0.0056927749     273.2628 
 5205000 0.0058193968 -0.0058679484    269.91129 
 5206000 0.0059956495 -0.0059578409    268.17715 
 5207000 0.0058815933 -0.0058829535    268.63174 
 5208000 0.0056210796 -0.0056283811    274.77931 
 5209000 0.0056382741 -0.0056321205    269.59258 
 5210000 0.0057507737 -0.0057318279    270.57294 
 5211000 0.0056968749 -0.0057298502    273.79984 
 5212000 0.0057477465 -0.0057330977    269.17061 
 5213000 0.0056625814 -0.0056559444    273.47316 
 5214000 0.0056381916 -0.0056063969    266.03619 
 5215000 0.0057568311 -0.0057683838    266.87682 
 5216000 0.0057953064 -0.0057575463    269.78493 
 5217000 0.0056461704 -0.005652316    272.04653 
 5218000 0.0054072345 -0.0054050042    267.15693 
 5219000 0.0053690528 -0.0053326189    270.57823 
 5220000 0.0053135651 -0.0053192994    271.60425 
 5221000 0.0052634121 -0.0052772511    274.62397 
 5222000 0.0056328402 -0.0056711382    277.19238 
 5223000  0.005628181 -0.0056475071     272.7339 
 5224000 0.0055301721 -0.0055252873    274.01167 
 5225000 0.0055523364 -0.0055600435    272.27776 
 5226000 0.0054850501 -0.0054772199    267.97141 
 5227000 0.0057172526 -0.0057630058    269.67299 
 5228000  0.005669017 -0.0056807807    271.18636 
 5229000  0.005633719 -0.0056349679    269.80418 
 5230000 0.0056118501 -0.0056428201     268.2389 
 5231000 0.0055848302 -0.0056191002      269.976 
 5232000 0.0055170316 -0.0055332906    269.26841 
 5233000  0.005712632 -0.0057111281    272.80249 
 5234000 0.0056341125 -0.0056243907    267.69132 
 5235000 0.0055887961 -0.0055597544    267.41418 
 5236000 0.0057088175 -0.0057198082      269.517 
 5237000 0.0056604148 -0.0056646587    270.74625 
 5238000 0.0056770344 -0.0056722507    269.16379 
 5239000 0.0057533759 -0.0057947391    266.96767 
 5240000  0.005781307 -0.0058306307    274.60566 
 5241000 0.0055140685 -0.0055418386    270.21371 
 5242000 0.0055261028 -0.0055353083    276.58669 
 5243000 0.0056296369 -0.0056108954    267.58644 
 5244000   0.00549689 -0.0055119621    269.85023 
 5245000 0.0054861763 -0.0055015429    268.84269 
 5246000 0.0054855878 -0.0054953559      273.019 
 5247000 0.0054405537 -0.0054050137    268.23981 
 5248000 0.0055356807 -0.0055337064    273.65966 
 5249000 0.0057019812 -0.0057022218    275.49488 
 5250000 0.0056276341 -0.0056562116    270.53897 
 5251000 0.0057866665 -0.0057859426     266.8953 
 5252000 0.0059587035 -0.0059538169    269.84544 
 5253000 0.0058408129 -0.0058365489    265.85298 
 5254000 0.0059751873 -0.0059919095    268.90714 
 5255000 0.0060461415 -0.0060158165    270.50993 
 5256000 0.0058432862 -0.0058331147    268.60285 
 5257000 0.0058404689 -0.0058104023    270.62096 
 5258000  0.005867484 -0.0058509381    270.10985 
 5259000 0.0057220987 -0.0057156923    274.08014 
 5260000 0.0057633785 -0.0057375417    270.21387 
 5261000 0.0056354172 -0.0056106696    263.11919 
 5262000 0.0058562646 -0.0058356693    268.19768 
 5263000 0.0058127212 -0.0058001113    269.83542 
 5264000 0.0057607732 -0.0057540152    272.97251 
 5265000 0.0057473044 -0.0057181783    270.15879 
 5266000 0.0057391352 -0.0057198229    268.78746 
 5267000 0.0057843057 -0.0057849916    266.22331 
 5268000 0.0057380918 -0.0056972635    267.95219 
 5269000 0.0056997014 -0.0057184542    264.39179 
 5270000 0.0057960973 -0.0057745678    271.00449 
 5271000 0.0056123798 -0.0055896142    273.01103 
 5272000 0.0057510039 -0.0057380378    274.37542 
 5273000 0.0058363644 -0.0058013275    270.65116 
 5274000 0.0057871287 -0.0057993988    266.33762 
 5275000 0.0057446593 -0.0057068383     266.5135 
 5276000 0.0057058204 -0.0056397915    271.65893 
 5277000 0.0058537027 -0.0058853185    269.91626 
 5278000 0.0056492585 -0.0056303392    274.15811 
 5279000 0.0059114691 -0.0058831862    272.22586 
 5280000 0.0057325432 -0.0057220938    269.75365 
 5281000 0.0056206058 -0.0055531057    271.62923 
 5282000  0.005466352 -0.0054667727    267.35169 
 5283000 0.0056934132 -0.0056730782    269.30612 
 5284000 0.0055803748 -0.0055647677    275.36383 
 5285000 0.0057098627 -0.0057282748    270.34178 
 5286000 0.0056461378 -0.0056325712    271.50046 
 5287000   0.00563816 -0.0056237868    270.12081 
 5288000 0.0057267269 -0.0057076108    267.65683 
 5289000 0.0056853511 -0.0056795845    272.87086 
 5290000 0.0056078366 -0.0055776211    269.65376 
 5291000 0.0057770379 -0.0057810994    272.14408 
 5292000 0.0058072072 -0.0057907227    266.79301 
 5293000 0.0057608564 -0.0057554198    270.10177 
 5294000 0.0057089484 -0.0057127829    271.76531 
 5295000 0.0056413416 -0.0056342085    277.16646 
 5296000 0.0058110817 -0.0057896798    270.45631 
 5297000 0.0056518542 -0.0056378987    269.38814 
 5298000 0.0056275329 -0.0056022973     268.3712 
 5299000 0.0056415197 -0.0056447923     271.6777 
 5300000 0.0056611927 -0.0055994742    274.03987 
 5301000 0.0057056721 -0.0057107453    275.69706 
 5302000 0.0056470149 -0.0056618824    269.38339 
 5303000 0.0056405834 -0.0056509164    274.36272 
 5304000 0.0056495011 -0.0056465391    269.11735 
 5305000 0.0057115152 -0.005705091    271.06791 
 5306000 0.0058026343 -0.0058203397    269.60708 
 5307000 0.0056662337 -0.0056605776    267.74171 
 5308000 0.0058923788 -0.0058553057    266.24387 
 5309000 0.0057411371 -0.0057565532    270.59221 
 5310000 0.0056193874 -0.0056143206    269.08697 
 5311000  0.005779959 -0.0057808343    271.94933 
 5312000 0.0057392185 -0.005730146    272.83915 
 5313000 0.0058486253 -0.0058544793    270.33095 
 5314000 0.0056160996 -0.0056082979    271.29315 
 5315000 0.0056896897 -0.0056772458    272.24353 
 5316000 0.0056670895 -0.005650149    271.77114 
 5317000 0.0056906674 -0.0056839533    268.85002 
 5318000 0.0057017151 -0.0056695759    272.30573 
 5319000 0.0056527542 -0.0056589583    268.20822 
 5320000 0.0055577675 -0.0055338951    271.91558 
 5321000 0.0055248049 -0.0055066954      265.502 
 5322000 0.0057823207 -0.0057395328    274.21082 
 5323000 0.0056465686 -0.0056525657     270.3253 
 5324000 0.0055888706 -0.0055758203    268.42396 
 5325000 0.0057364489 -0.0056844826    272.46751 
 5326000 0.0056800078 -0.0056462767    269.68447 
 5327000 0.0056635098 -0.0056449103    268.77634 
 5328000 0.0055287123 -0.0055498743    271.94904 
 5329000  0.005728051 -0.0057139484    270.99392 
 5330000 0.0057164285 -0.0057260292    274.07876 
 5331000 0.0056742143  -0.00564347    271.19333 
 5332000 0.0058755592 -0.0058395897    273.85754 
 5333000 0.0056441766 -0.0056267638    268.30353 
 5334000 0.0056851912 -0.0056655163    264.33234 
 5335000 0.0057155337 -0.0057098875    272.89905 
 5336000 0.0056597862 -0.0056545251     268.7807 
 5337000 0.0057019015 -0.0056909769    267.69685 
 5338000 0.0056698982 -0.0056558705    269.30836 
 5339000  0.005623513 -0.0055995181    273.37595 
 5340000 0.0056567835 -0.0056169491    272.43597 
 5341000 0.0056237009 -0.0055676796    269.06121 
 5342000 0.0055206075 -0.0054918469    270.62104 
 5343000 0.0054300224 -0.0053949688     274.3391 
 5344000 0.0054677399 -0.0054397419     272.4942 
 5345000 0.0054712198 -0.0054814046     272.3422 
 5346000 0.0054145463 -0.0054093677     269.6688 
 5347000 0.0052917864 -0.0052993469    266.17536 
 5348000 0.0054389504 -0.0054646593    272.05377 
 5349000 0.0054649233 -0.0054380177     272.2095 
 5350000 0.0054429539 -0.0054826073    271.84096 
 5351000 0.0053265653 -0.0053243842    266.81108 
 5352000  0.005339698 -0.0053015288    271.78475 
 5353000  0.005521524 -0.0055115061    270.32454 
 5354000 0.0052766722 -0.0053271671    269.39005 
 5355000 0.0052183994 -0.0052434282    273.97224 
 5356000  0.005279648 -0.0052420102    268.89765 
 5357000 0.0054293324 -0.0054468918     272.3441 
 5358000 0.0055038923 -0.0055334562    276.69841 
 5359000 0.0055151899 -0.0055041936    275.43795 
 5360000 0.0054865927 -0.0055106455    275.21891 
 5361000 0.0055420073 -0.005541908    268.79249 
 5362000 0.0056637842 -0.0056434786    271.97618 
 5363000 0.0055705636 -0.0055688054     270.6098 
 5364000 0.0055746517 -0.0055385954    268.45483 
 5365000 0.0057144287 -0.0056862474    267.31165 
 5366000 0.0056437702 -0.0056611754    270.83046 
 5367000 0.0057957549 -0.0058045205    272.24057 
 5368000 0.0056055979 -0.0056070983    270.35531 
 5369000 0.0056297546 -0.0056228593    270.66586 
 5370000 0.0056841368 -0.0056672603    275.82195 
 5371000 0.0057087488 -0.0057128399    269.71696 
 5372000 0.0056502727 -0.0056825745    275.83734 
 5373000  0.005623387 -0.0056533491    272.52687 
 5374000 0.0058083054 -0.0057457549    269.92139 
 5375000 0.0057248411 -0.0057403692    272.11289 
 5376000 0.0055503703  -0.00556956    266.49022 
 5377000 0.0057736823 -0.0057328612    275.27706 
 5378000 0.0058018362 -0.0057900779    271.65946 
 5379000 0.0057329961 -0.0056807267     269.0003 
 5380000 0.0055255141 -0.0054984286     274.1476 
 5381000 0.0055672667 -0.0055688094     270.2071 
 5382000 0.0055054198 -0.0054836303    267.23235 
 5383000  0.005631164 -0.0056432684    273.97014 
 5384000 0.0056692542 -0.005687688    270.65362 
 5385000 0.0054921765 -0.0054713554    269.66355 
 5386000 0.0056402845 -0.0056620618    272.66361 
 5387000 0.0056220313 -0.0056123915    267.76631 
 5388000 0.0056150865 -0.0055947936    278.37535 
 5389000  0.005686516 -0.0056953784    267.21612 
 5390000 0.0056046002 -0.0055762851    272.00637 
 5391000 0.0053853339 -0.0053838997     276.3435 
 5392000 0.0053514102 -0.0053686403    267.81568 
 5393000 0.0055252414 -0.0055515353    270.46498 
 5394000 0.0053547237 -0.0053312514    273.86531 
 5395000 0.0054691776 -0.0054348295    271.78408 
 5396000 0.0052414978 -0.005222835    273.63289 
 5397000 0.0054023293 -0.0053779521    273.17697 
 5398000 0.0052671116 -0.0052578143    266.44285 
 5399000 0.0052181933 -0.0051903043    270.73212 
 5400000 0.0051937808 -0.0051605374    269.99496 
 5401000 0.0053429126 -0.0053292984    272.25693 
 5402000 0.0054014823 -0.0053934406    269.83952 
 5403000  0.005477035 -0.0054837137    268.56254 
 5404000 0.0054534591 -0.0054655397    266.06917 
 5405000 0.0055104671 -0.0055296119    271.02798 
 5406000 0.0054127218 -0.0054023143    265.41086 
 5407000 0.0053919925 -0.0053563162    272.85744 
 5408000 0.0052595077 -0.0052601727    273.17597 
 5409000 0.0055421071 -0.0055227169    268.39515 
 5410000 0.0054163461 -0.0053982059      270.925 
 5411000 0.0054486247 -0.0054209112    269.53014 
 5412000 0.0054719914 -0.0054556833     272.5812 
 5413000 0.0054747236 -0.0054826629     272.0643 
 5414000 0.0053909255 -0.0053733164    273.08077 
 5415000 0.0053571308 -0.0053851857    272.77691 
 5416000 0.0054883625 -0.005512328    272.95643 
 5417000 0.0053962729 -0.0053701829    277.66691 
 5418000 0.0053294585 -0.0052957274    271.63397 
 5419000 0.0054263115 -0.0054059422    270.50853 
 5420000 0.0053833806 -0.0053888967    270.36995 
 5421000 0.0054006109 -0.005368086    267.04755 
 5422000 0.0052922741 -0.0052866736    270.27441 
 5423000 0.0052570709 -0.0052666002    270.02237 
 5424000 0.0052547994 -0.0052480454    267.80702 
 5425000 0.0052246713 -0.0052114924     271.0725 
 5426000 0.0054074256 -0.005422034    276.73453 
 5427000 0.0053237164 -0.0052963913    267.51992 
 5428000 0.0054705446 -0.0054417604    272.27635 
 5429000 0.0053705596 -0.0053487477    271.51397 
 5430000 0.0053699095 -0.005348257    273.09892 
 5431000 0.0055463068 -0.0055456826    276.36462 
 5432000 0.0052769658 -0.0052894528    275.55303 
 5433000 0.0051614106 -0.0051733931    269.19638 
 5434000 0.0052284614 -0.0052167216    271.45268 
 5435000  0.005476314 -0.0054793611    273.51421 
 5436000 0.0053384166 -0.0053501024     273.0647 
 5437000 0.0052343154 -0.0052419062     273.8428 
 5438000 0.0052414183 -0.0052992503     276.9437 
 5439000 0.0052279301 -0.0052259316    271.70693 
 5440000 0.0053925664 -0.0053851816    271.64256 
 5441000 0.0053253612 -0.005324374    272.41261 
 5442000 0.0051970587 -0.0051702561    265.97195 
 5443000 0.0053005428 -0.0052940776    269.10502 
 5444000 0.0054666089 -0.0054525535    271.65386 
 5445000 0.0053965553 -0.0053806914    270.89871 
 5446000 0.0055490147 -0.0055284243    263.36553 
 5447000 0.0056936037 -0.0056721639    275.29774 
 5448000 0.0055608981 -0.0055607261    273.28302 
 5449000 0.0054813425 -0.0054887293    269.64872 
 5450000  0.005483865 -0.0054918885    268.73715 
 5451000 0.0056382365 -0.0056372286    274.72828 
 5452000 0.0053909324 -0.0053965086    270.30164 
 5453000 0.0054822079 -0.005501262    274.40695 
 5454000 0.0054126651 -0.005387866    272.92394 
 5455000 0.0053657291 -0.0053782223    267.46808 
 5456000 0.0055386546 -0.0055648345    273.19435 
 5457000 0.0053945542 -0.0054060628    267.52741 
 5458000 0.0054416442 -0.0054013176    269.45753 
 5459000 0.0055039561 -0.0054787844    274.02178 
 5460000 0.0054507031 -0.0054319654    272.65115 
 5461000 0.0053776129 -0.0054053385    273.13634 
 5462000 0.0054547302 -0.0054500363    271.21814 
 5463000 0.0055133948 -0.0055219421    271.69215 
 5464000 0.0053936988 -0.0053925298    272.10833 
 5465000 0.0056022326 -0.0056057645    270.15856 
 5466000 0.0053940007 -0.0054213229    269.38532 
 5467000 0.0054294044 -0.0054533617    268.54956 
 5468000 0.0053985196 -0.0053829304    278.05803 
 5469000 0.0055089176 -0.005488166    272.03279 
 5470000 0.0055992702 -0.0055939372    269.95969 
 5471000 0.0055436452 -0.005561223    271.45752 
 5472000 0.0054403495 -0.0054245181    266.90812 
 5473000 0.0054936313 -0.0055367342    270.79464 
 5474000 0.0054269068 -0.0054516318    271.69611 
 5475000 0.0052929751 -0.0052960737    266.26438 
 5476000 0.0054927513 -0.0055079046    269.83429 
 5477000 0.0053210819 -0.0053573341    268.84756 
 5478000 0.0053230022 -0.0053329074    267.83053 
 5479000 0.0055956584 -0.0055913853     270.7024 
 5480000 0.0054045619 -0.0054003882    270.15491 
 5481000 0.0053092279 -0.0052893941    274.36934 
 5482000 0.0055074697 -0.0054964935    269.56257 
 5483000 0.0055093144 -0.005521803    273.65454 
 5484000 0.0055687877 -0.0055363376    273.12825 
 5485000 0.0055145117 -0.0054986097    273.71969 
 5486000 0.0055742202 -0.005561583    269.24311 
 5487000 0.0057533942 -0.0057250819    271.01025 
 5488000 0.0055488878 -0.0055183859    261.65884 
 5489000 0.0056760304 -0.0056532612    273.07219 
 5490000 0.0057579633 -0.0057423916    267.19242 
 5491000 0.0057287952 -0.005707815    273.07232 
 5492000 0.0055985507 -0.0055717189    271.92751 
 5493000 0.0056624912 -0.0056669719    270.26337 
 5494000 0.0057954146 -0.0057762668     277.2272 
 5495000 0.0056679639 -0.0056526507    266.60419 
 5496000 0.0056675738 -0.0056334519    272.96014 
 5497000  0.005772532 -0.005716542    268.16597 
 5498000 0.0055242949 -0.0054848713    275.69873 
 5499000 0.0055664522 -0.0055385663    272.08407 
 5500000 0.0056476538 -0.0056230903    274.03142 
 5501000 0.0056440581 -0.0056609008    265.35811 
 5502000 0.0056585118 -0.0056358702    273.33723 
 5503000 0.0055721027 -0.005558062    271.87023 
 5504000 0.0054807674 -0.0054770745    268.68495 
 5505000 0.0055644598 -0.0055833278    278.25796 
 5506000 0.0055074125 -0.0055150041    272.01561 
 5507000 0.0053430136 -0.0053573888    267.17906 
 5508000 0.0052964304 -0.0053196958    270.05514 
 5509000 0.0054759265 -0.0055109695    270.80035 
 5510000 0.0054236351 -0.0054290619    276.57674 
 5511000 0.0054901957 -0.0054931847    270.21668 
 5512000  0.005678444 -0.0056381641    272.69924 
 5513000 0.0056311894 -0.005623429    269.24324 
 5514000 0.0055324403 -0.0055223262    270.00739 
 5515000 0.0056013746 -0.0055820481    270.97357 
 5516000 0.0056321148 -0.0056431861    270.74834 
 5517000 0.0055390026 -0.0055260867    270.39336 
 5518000  0.005552889 -0.0055455175    273.70825 
 5519000 0.0054220197 -0.0054170749     272.0975 
 5520000 0.0054422505 -0.005441257    266.23995 
 5521000 0.0053253851 -0.0053571413    269.07762 
 5522000 0.0054343802 -0.005409693      271.242 
 5523000 0.0054646176 -0.0054318092    271.81491 
 5524000  0.005333383 -0.0053320448    273.13092 
 5525000 0.0055706077 -0.0055602542     274.9747 
 5526000 0.0054669349 -0.0054936346    268.90949 
 5527000  0.005392676 -0.005371988    273.41212 
 5528000 0.0054589929 -0.0054251873    275.32416 
 5529000 0.0055776478 -0.0056002276    271.37815 
 5530000 0.0052248541 -0.0052280357    277.13285 
 5531000 0.0051867446 -0.0051866496    269.12804 
 5532000 0.0052524379 -0.0052474012    268.73841 
 5533000  0.005421858 -0.0054197097    274.51628 
 5534000 0.0054066629 -0.0054257775    269.47672 
 5535000 0.0055665854 -0.005552594    270.06948 
 5536000  0.005544423 -0.0055278709    266.86381 
 5537000 0.0054473843 -0.0054237407    271.70129 
 5538000 0.0054121378 -0.0053982062    273.51281 
 5539000  0.005554123 -0.0055162004    269.05588 
 5540000  0.005460928 -0.0054886162    269.37628 
 5541000 0.0055857491 -0.0055697819     275.3814 
 5542000 0.0052858922 -0.0052756961    268.76952 
 5543000 0.0055254033 -0.0055064983    270.28384 
 5544000 0.0055913676 -0.0056056496    268.94016 
 5545000 0.0057809656 -0.0057779608    271.92056 
 5546000 0.0055472414 -0.0055137328    267.54594 
 5547000 0.0055291829 -0.0055187441    274.76839 
 5548000 0.0056382518 -0.005667632    270.14495 
 5549000 0.0057298844 -0.0057121721    270.95135 
 5550000 0.0054828154 -0.0054670843    272.53693 
 5551000  0.005593258 -0.0056020313    270.47264 
 5552000 0.0055591888 -0.0055674865    267.76746 
 5553000 0.0056177899 -0.0055962946    275.21044 
 5554000 0.0055579665 -0.0055275361    269.27379 
 5555000 0.0056982254 -0.0056987464    267.26747 
 5556000 0.0057107758 -0.0057177494    269.93966 
 5557000 0.0056714343 -0.0056767354    271.81955 
 5558000 0.0056493358 -0.005655493    275.65322 
 5559000 0.0056911865 -0.0056828896    269.76757 
 5560000 0.0056516742 -0.0056468931    275.86227 
 5561000 0.0058191751 -0.0058509646    268.56511 
 5562000 0.0057936032 -0.0057912753    271.96298 
 5563000 0.0058893447 -0.0058815227    270.25549 
 5564000 0.0058806942 -0.0058907503    274.87996 
 5565000 0.0057851107 -0.0057746916    272.46491 
 5566000 0.0057555345 -0.0057305362    272.00612 
 5567000 0.0059406602 -0.0059090342    277.72212 
 5568000 0.0058063609 -0.0058030632     267.3137 
 5569000 0.0056961578 -0.0057292978    270.78489 
 5570000 0.0058619954 -0.0058532348     276.7984 
 5571000 0.0058225205 -0.0058170408    268.04943 
 5572000 0.0059454971 -0.0059356443    270.28999 
 5573000 0.0057426351 -0.0057579846     268.1873 
 5574000 0.0059696756 -0.0059628003     272.8619 
 5575000 0.0058860002 -0.0058672155    273.01191 
 5576000 0.0059297214 -0.0059287417     273.4995 
 5577000 0.0058176148 -0.0058403025    273.04554 
 5578000 0.0058241738 -0.0058027827     274.3951 
 5579000 0.0057920252 -0.0057897963    272.22291 
 5580000 0.0057156512 -0.0057122981    271.20269 
 5581000 0.0055380256 -0.0055774244    269.92163 
 5582000 0.0054598093 -0.005506992    275.29798 
 5583000 0.0053993885 -0.0053795204    265.81938 
 5584000  0.005592543 -0.0055688978    269.42714 
 5585000 0.0055879179 -0.0055920336    270.10067 
 5586000 0.0058351058 -0.0058235106    273.20024 
 5587000 0.0057688272 -0.0057966769    268.22581 
 5588000 0.0056016617 -0.0056110798    270.72146 
 5589000 0.0055810718 -0.0055239777    270.99692 
 5590000   0.00562194 -0.0055864491    273.24281 
 5591000 0.0054904849 -0.0054958892    272.37998 
 5592000 0.0056001993 -0.0055926638    269.12425 
 5593000 0.0055431422 -0.0055187653    269.97886 
 5594000 0.0053488026 -0.0053717422    269.87748 
 5595000 0.0053683104 -0.0053720279    275.91443 
 5596000 0.0054646704 -0.0054636812    273.33785 
 5597000  0.005474725 -0.0054555623    267.91141 
 5598000 0.0054340616 -0.0054398489    268.05176 
 5599000 0.0056380299 -0.0055932232    273.05887 
 5600000 0.0055883525 -0.005606183    267.37339 
 5601000 0.0057767171 -0.0057734267    268.32963 
 5602000 0.0056061234 -0.0055644974    273.68659 
 5603000 0.0055598215 -0.0055477051    267.97289 
 5604000 0.0055545915 -0.0055708445    269.39738 
 5605000 0.0055627297 -0.0055476903    269.33273 
 5606000 0.0054483807 -0.0054632338    267.86868 
 5607000 0.0054898867 -0.0055053791    269.42865 
 5608000 0.0055142599 -0.0054990864    278.45978 
 5609000 0.0055744216 -0.0055618064    274.23111 
 5610000 0.0054331786 -0.0054325423    265.36928 
 5611000 0.0055016966  -0.00552611    269.76961 
 5612000 0.0054086263 -0.0054001299    267.16565 
 5613000 0.0054616618 -0.0054805082    268.17143 
 5614000  0.005509961 -0.0054727021    270.19589 
 5615000 0.0055695312 -0.0055781934    272.07726 
 5616000  0.005565264 -0.0055451837    271.30809 
 5617000 0.0054834511 -0.0054553021    269.56307 
 5618000 0.0053702955 -0.0053541218    267.83862 
 5619000  0.005363098 -0.0053248169    269.01534 
 5620000 0.0055097474 -0.0054759962    272.04443 
 5621000 0.0051903869 -0.0051846941    273.56856 
 5622000 0.0054029772 -0.0053681319    269.86984 
 5623000  0.005300707 -0.0052723739    271.98468 
 5624000 0.0054137985 -0.0053634649    270.26052 
 5625000  0.005292106 -0.0052911823    271.69723 
 5626000 0.0054036018 -0.0054073227    271.13581 
 5627000 0.0055415466 -0.0055299091    269.83035 
 5628000 0.0055682994 -0.0055315495    271.52554 
 5629000 0.0053794633 -0.0053924976    271.12437 
 5630000 0.0054789344 -0.005491391    267.74582 
 5631000 0.0056480099 -0.005645475    270.79179 
 5632000 0.0055517116 -0.0055433085    271.25921 
 5633000 0.0055546972 -0.0055721603    262.81244 
 5634000 0.0056539201 -0.005688998    269.44422 
 5635000 0.0056698813 -0.0056297623    270.82646 
 5636000 0.0055956432 -0.0055723263     270.8289 
 5637000 0.0057387271 -0.0057197254    268.75232 
 5638000 0.0056466589 -0.0056126247    268.69427 
 5639000 0.0056557298 -0.0056603267    275.68401 
 5640000 0.0058598037 -0.005832675    269.75954 
 5641000  0.005612265 -0.0055712257    268.93619 
 5642000 0.0055533394 -0.0055257558    267.47449 
 5643000 0.0056826469 -0.0056840338    269.89756 
 5644000  0.005658734 -0.0056593168     272.2623 
 5645000 0.0057543282 -0.0057340922    271.11359 
 5646000 0.0057092718 -0.0056637246    278.58012 
 5647000 0.0056468475 -0.0056448839    269.03733 
 5648000  0.005642832 -0.0056414858    267.52888 
 5649000 0.0056356832 -0.0056451072    269.76595 
 5650000 0.0055341644 -0.0055316798    272.02869 
 5651000 0.0056064585 -0.0056232042     274.8637 
 5652000  0.005561158 -0.0055544606    269.11611 
 5653000 0.0055975027 -0.0055689403    273.44421 
 5654000 0.0056306115 -0.0056292139     273.7667 
 5655000 0.0057161413 -0.0057102743    270.60243 
 5656000 0.0057742023 -0.0057572922    266.40021 
 5657000 0.0053990304 -0.0053782538    268.93084 
 5658000 0.0056855556 -0.0056384429    269.63273 
 5659000 0.0056794285 -0.0056836143    268.49358 
 5660000 0.0055214697 -0.0055356547    269.92016 
 5661000 0.0054364774 -0.0054265796    272.48578 
 5662000  0.005512387 -0.005512023     272.8784 
 5663000 0.0054060488 -0.005387853    273.17976 
 5664000 0.0055486993 -0.0055851318       269.15 
 5665000 0.0054921682 -0.0055231913    272.50038 
 5666000 0.0053709205 -0.0053912099    272.60379 
 5667000 0.0055311692 -0.005494085    272.00412 
 5668000 0.0054093452 -0.005405456    271.82211 
 5669000 0.0054297584 -0.0054422808    273.07758 
 5670000 0.0054519171 -0.0054442521    265.61444 
 5671000 0.0053577099 -0.0053668196    267.97981 
 5672000 0.0053721194 -0.0053819182    273.88193 
 5673000 0.0054358432 -0.0054431124    268.45071 
 5674000 0.0054325748 -0.0054607104    268.38033 
 5675000 0.0053546558 -0.0053696135    269.94216 
 5676000 0.0052202425 -0.0052474809    267.30718 
 5677000 0.0052279034 -0.0052697745    273.58635 
 5678000 0.0053801132 -0.0054221836    267.40795 
 5679000 0.0052196265 -0.0052114129    272.31215 
 5680000 0.0053801103 -0.0053954997    272.78853 
 5681000 0.0053234394 -0.0053458426    271.12672 
 5682000 0.0052364304 -0.0052900124    276.06368 
 5683000 0.0053475385 -0.0053288192    268.05825 
 5684000 0.0055133482 -0.0055079606    272.40936 
 5685000 0.0055452789 -0.0055559282    267.89864 
 5686000 0.0055389579 -0.0055643148    271.94662 
 5687000 0.0056503665 -0.0056849903    270.15819 
 5688000 0.0056683039 -0.0056905694    271.24489 
 5689000 0.0057543405 -0.0057296382    270.85569 
 5690000 0.0055571925 -0.0056063483    271.27991 
 5691000 0.0058129281 -0.0058030796    272.14324 
 5692000 0.0057578937 -0.0057391643    266.22038 
 5693000  0.005771738 -0.0057657222    271.01631 
 5694000 0.0056994844 -0.0057102405     271.3144 
 5695000 0.0056937188 -0.0056967593    273.45678 
 5696000 0.0054856022  -0.00550468     270.3505 
 5697000 0.0056266176 -0.005631294    269.42629 
 5698000  0.005493226 -0.0055076437    271.78913 
 5699000 0.0055132338 -0.005509241    267.58115 
 5700000 0.0055076666 -0.0055366452    274.11964 
 5701000 0.0054477528 -0.0054318254     270.2708 
 5702000  0.005462725 -0.0054367443    270.56999 
 5703000 0.0054890468 -0.005500494    271.22623 
 5704000 0.0053683158 -0.0053365151    269.23995 
 5705000 0.0057300438 -0.0057108644    266.44155 
 5706000 0.0057456506 -0.0057683176    270.94256 
 5707000 0.0057572393 -0.0057665131    273.62185 
 5708000 0.0058205297 -0.0058342849    270.98316 
 5709000 0.0057305975 -0.0057353533    273.10448 
 5710000 0.0055360954 -0.0055443019    273.83684 
 5711000 0.0058991639 -0.0059089158    273.38235 
 5712000 0.0059767223 -0.0059780776    266.58537 
 5713000 0.0059065631 -0.0059144085    269.08884 
 5714000 0.0058824318 -0.0058280978     266.8038 
 5715000 0.0058979039 -0.0058995617    278.91026 
 5716000 0.0057806516 -0.005782413    271.65856 
 5717000  0.005728203 -0.0057394195    267.55373 
 5718000 0.0056769922 -0.0056931785    274.30371 
 5719000 0.0058391185 -0.0058332361    273.50382 
 5720000 0.0058078292 -0.0058092272    271.53921 
 5721000 0.0058092774 -0.0058024904    268.91558 
 5722000 0.0057833702 -0.0058009239    273.53599 
 5723000 0.0058186367 -0.0058055479    272.47847 
 5724000 0.0057761898 -0.0057924886    272.09346 
 5725000 0.0057848323 -0.0057787569    271.95807 
 5726000 0.0057054043 -0.0056743022    268.20217 
 5727000 0.0057794856 -0.0057743836     268.1928 
 5728000 0.0057971787 -0.0057846736        269.1 
 5729000 0.0056806428 -0.005667885    270.13192 
 5730000 0.0057210245 -0.0057090903    270.00644 
 5731000 0.0058543591 -0.0058641022    272.20519 
 5732000 0.0058965252 -0.0058872383    271.62857 
 5733000 0.0058394462 -0.0058688755    271.77938 
 5734000 0.0060626779 -0.0060775618    273.34086 
 5735000 0.0057897765 -0.0057787837    269.00124 
 5736000 0.0056818595 -0.0056675221    270.40703 
 5737000 0.0056589445 -0.0056541702    274.26057 
 5738000  0.005549491 -0.0055753325    270.32437 
 5739000  0.005895046 -0.0058580051    271.41171 
 5740000 0.0058346177 -0.0058422568    275.32121 
 5741000 0.0059600036 -0.0059614574    269.82951 
 5742000 0.0059434419 -0.0059751263    270.17106 
 5743000 0.0059984641 -0.0059616403    270.85878 
 5744000 0.0058280857 -0.0058251136    272.17668 
 5745000 0.0060853065 -0.0061100747    265.58304 
 5746000 0.0060975896 -0.0060505296     268.8293 
 5747000 0.0058075554 -0.0058298095    268.38576 
 5748000 0.0058431893 -0.0058839605    274.47322 
 5749000 0.0059504398 -0.0059387554    271.51724 
 5750000 0.0058002199 -0.0058120115    268.16346 
 5751000 0.0056987551 -0.0056932225    271.73862 
 5752000 0.0058494578 -0.0058763412    271.11709 
 5753000 0.0059064711 -0.0059244308      266.931 
 5754000  0.005969246 -0.005982256    274.94666 
 5755000 0.0060329114 -0.0060405895    267.46185 
 5756000 0.0058423586 -0.0058723816    269.41587 
 5757000 0.0059245835 -0.0059274459    272.91946 
 5758000 0.0057986935 -0.0057907731    268.55262 
 5759000 0.0057654215 -0.005768217    272.49589 
 5760000 0.0057400345 -0.0057467086    272.56381 
 5761000 0.0058363684 -0.0058331477    264.68111 
 5762000 0.0057941192 -0.0058071932    272.35818 
 5763000 0.0057737642 -0.0057807506    269.26974 
 5764000 0.0059001186 -0.0058927641    273.94808 
 5765000 0.0056604048 -0.0056954248     270.1986 
 5766000 0.0056750676 -0.005716425    270.75646 
 5767000 0.0055716243 -0.0055947219    276.81464 
 5768000 0.0055138011 -0.0054924958    269.60119 
 5769000 0.0055131037 -0.0054957587    268.64212 
 5770000 0.0055833606 -0.0056051587    274.84956 
 5771000 0.0055360353 -0.0055629594    271.32855 
 5772000 0.0054823832 -0.0054819866    269.23994 
 5773000 0.0055728801 -0.0055852203    272.21062 
 5774000 0.0054875162 -0.0054650113    272.98985 
 5775000 0.0055083319 -0.0054755663    272.05342 
 5776000 0.0054201374 -0.005440913    270.85924 
 5777000 0.0055313764 -0.0055331268    273.61921 
 5778000 0.0055196114 -0.0055019011    263.29964 
 5779000 0.0053290495 -0.005316707    269.90447 
 5780000 0.0053179775 -0.0053095659    276.30706 
 5781000  0.005412775 -0.0054516574    272.80178 
 5782000  0.005515404 -0.0055066343    272.88428 
 5783000 0.0053723627 -0.005406105    273.39858 
 5784000  0.005364154 -0.0053541031    267.81826 
 5785000 0.0057958866 -0.0057841647    266.50349 
 5786000 0.0056894658 -0.0056992322    270.83661 
 5787000 0.0056661019  -0.00566485    266.86452 
 5788000 0.0054928104 -0.0054832545    271.93229 
 5789000 0.0055381371 -0.0055253424    270.37173 
 5790000 0.0055072258 -0.0055111561    272.65182 
 5791000 0.0054354345 -0.0054287549    270.03927 
 5792000 0.0055704678 -0.005562548    271.73285 
 5793000 0.0054746234 -0.0055057048    269.22072 
 5794000 0.0056005035 -0.0056540761    264.15849 
 5795000 0.0057434925 -0.0057410777    271.09072 
 5796000 0.0058184635 -0.0057780891    270.63385 
 5797000 0.0058229881 -0.0058144348    272.35925 
 5798000 0.0058140922 -0.0058225872    268.95271 
 5799000 0.0058454086 -0.0058423396    271.89536 
 5800000   0.00570298 -0.0057030273    270.09805 
 5801000 0.0055583514 -0.0055690485    268.83344 
 5802000  0.005791536 -0.0057942859    270.41899 
 5803000 0.0057978908 -0.0058091914    269.65586 
 5804000 0.0057268381 -0.0057566246     276.0144 
 5805000 0.0054425624 -0.0054620342    268.57445 
 5806000  0.005563493 -0.0055465164    275.07684 
 5807000 0.0054518283 -0.0054491884     272.6848 
 5808000 0.0056311117 -0.0056581719    271.44666 
 5809000 0.0054293295 -0.0054543025     272.7985 
 5810000 0.0053110776 -0.0052702418    272.05309 
 5811000 0.0054664564 -0.0055035867    275.76013 
 5812000 0.0054159579 -0.0054064523    271.96428 
 5813000 0.0053656999 -0.0053958027    270.94675 
 5814000 0.0055191333 -0.0055361545    267.71904 
 5815000 0.0053074608 -0.0053408992    270.21594 
 5816000 0.0052313891 -0.0052560008    273.77895 
 5817000 0.0052146749 -0.005205623      267.151 
 5818000 0.0052450754 -0.0052490794    267.79264 
 5819000 0.0053106812  -0.00531066    272.46694 
 5820000 0.0052265705 -0.0052262459     270.4545 
 5821000 0.0051301649 -0.0051258802    267.89949 
 5822000 0.0052172199 -0.0052247921    268.85812 
 5823000 0.0052642951 -0.0052717833     270.4178 
 5824000 0.0052524735 -0.0052844977    271.91286 
 5825000 0.0053451671 -0.0053191266    269.90287 
 5826000 0.0055712683 -0.0056098895    262.59842 
 5827000 0.0054472709 -0.0054519754     266.1027 
 5828000 0.0055280163 -0.0055346765    267.67606 
 5829000 0.0053578242 -0.0053877514    272.68598 
 5830000 0.0052654165 -0.005292008    269.08427 
 5831000 0.0054159459 -0.0054240336    272.19552 
 5832000 0.0052074322 -0.005211594    272.26479 
 5833000 0.0053248056 -0.0053211283    269.24693 
 5834000 0.0054473269 -0.0054141037    267.27925 
 5835000 0.0054964701 -0.0054942713     265.8481 
 5836000 0.0054695871 -0.0054501623     275.5515 
 5837000 0.0054083507 -0.0054034536    271.41351 
 5838000 0.0054312033 -0.0054609302    269.83653 
 5839000 0.0054187733 -0.0054372337    269.00197 
 5840000 0.0054873587 -0.0054777658    270.40934 
 5841000 0.0055458933 -0.0055464029     265.7853 
 5842000 0.0055164056 -0.0055322124     273.3608 
 5843000  0.005489172 -0.0054971735    269.83127 
 5844000 0.0051378485 -0.0051736272    272.16788 
 5845000 0.0054107074 -0.005387437     269.8873 
 5846000 0.0051547331 -0.0051561448    264.85284 
 5847000 0.0052484278 -0.0052391975    272.69017 
 5848000 0.0054378723 -0.0054382703    275.69491 
 5849000 0.0053041757 -0.0053162687    274.85245 
 5850000 0.0053181283 -0.0053232718    269.07057 
 5851000 0.0053821186 -0.0053538726    270.12083 
 5852000 0.0053546718 -0.0053744563    273.81229 
 5853000 0.0054559868 -0.005450588    273.76548 
 5854000 0.0053407419 -0.0053553478    267.57466 
 5855000 0.0052707603 -0.0052784581      270.196 
 5856000 0.0054339429 -0.005423425    270.99683 
 5857000 0.0055339724 -0.0055523457    270.23502 
 5858000 0.0055095341 -0.0055076772    268.39899 
 5859000 0.0056220374 -0.0056186889    271.97462 
 5860000 0.0054578939 -0.0054577989    270.29058 
 5861000 0.0054714383 -0.0054470432    273.54557 
 5862000 0.0054637535 -0.005477918    272.32289 
 5863000 0.0053439332 -0.0053335375     274.5729 
 5864000 0.0054245002 -0.0054150013    274.30449 
 5865000 0.0052705525 -0.0052795135    267.77448 
 5866000 0.0053396622 -0.0053380102    272.39912 
 5867000 0.0055625404 -0.0055869685    270.59992 
 5868000  0.005532544 -0.0055261764    267.83955 
 5869000  0.005315001 -0.0053186458    276.35368 
 5870000 0.0054409824 -0.0054235226      272.744 
 5871000 0.0054237319 -0.0054211154    266.53844 
 5872000  0.005519654 -0.0055634885    272.83027 
 5873000 0.0054158037 -0.0054289258    274.49228 
 5874000 0.0056358437 -0.0056441813    269.70518 
 5875000  0.005800844 -0.0057608295    271.88951 
 5876000 0.0056637503 -0.0056555033    271.69402 
 5877000 0.0060130564 -0.0060149181    268.85313 
 5878000 0.0055972426 -0.005630488    269.14364 
 5879000 0.0057180118 -0.005717644    272.65292 
 5880000 0.0058434822 -0.0058736283    268.97257 
 5881000 0.0058274473 -0.0058080455    273.39287 
 5882000 0.0057220924 -0.005723973    271.47339 
 5883000 0.0057750482 -0.0057767433    270.52509 
 5884000 0.0057813439 -0.0057759912     274.8156 
 5885000 0.0056458347 -0.0056636132    273.26653 
 5886000  0.005912665 -0.0059065915     267.3396 
 5887000 0.0058745901 -0.0059086951    265.91812 
 5888000 0.0057982112 -0.0058149337       273.55 
 5889000 0.0057062848 -0.0057105791    272.43961 
 5890000 0.0057571648 -0.0057423504    270.58874 
 5891000 0.0058633664 -0.0058402639    273.65005 
 5892000 0.0058259482 -0.0058393292    268.06632 
 5893000 0.0057862307 -0.0057995273    271.16187 
 5894000 0.0058031555 -0.0058053225    271.00202 
 5895000 0.0058424233 -0.0058526424    271.00317 
 5896000 0.0058003716 -0.0057815919    268.40033 
 5897000 0.0059485644 -0.0059489005    269.34834 
 5898000 0.0059349852 -0.0059219754    277.09415 
 5899000 0.0059800598 -0.0059666017     273.5075 
 5900000 0.0059434996 -0.0059454419    270.01033 
 5901000 0.0058720063 -0.0058784916     270.5214 
 5902000 0.0059405419 -0.0059036503    271.84517 
 5903000 0.0058800843 -0.0058509991    269.69729 
 5904000 0.0059450853 -0.0059341696     271.4227 
 5905000 0.0061244436 -0.0061150105    276.79707 
 5906000 0.0059410608 -0.0059382704    273.73609 
 5907000 0.0057895939 -0.0057664708    273.53421 
 5908000 0.0058480753 -0.0058601621    263.74489 
 5909000 0.0058034742 -0.0057572863    267.36957 
 5910000 0.0056522937 -0.0056175454    274.98591 
 5911000 0.0057350295 -0.0057125763    269.52043 
 5912000 0.0060111233 -0.0059950621    274.20482 
 5913000 0.0057599112 -0.005762139    268.47886 
 5914000 0.0060301592 -0.0059981452     270.3221 
 5915000 0.0058643871 -0.0058448009    266.83313 
 5916000 0.0060307627 -0.0059993885    268.14107 
 5917000  0.005904404 -0.005893995    272.10242 
 5918000 0.0058926057 -0.0058317489    270.51204 
 5919000 0.0059145248 -0.0058870983    268.66448 
 5920000 0.0059339234 -0.0058553285    272.56661 
 5921000 0.0059158848 -0.0058654146    271.94346 
 5922000 0.0058846602 -0.0058606072    266.42792 
 5923000 0.0059849648 -0.0059562096    268.60982 
 5924000 0.0056949096 -0.0056567861    267.61696 
 5925000 0.0057651379 -0.0057734421    269.61266 
 5926000  0.005819748 -0.0058310155    271.32638 
 5927000 0.0059050045 -0.0059109228    272.32246 
 5928000 0.0058954189 -0.0059098743    272.26947 
 5929000 0.0057902939 -0.005754273     270.5945 
 5930000 0.0058107961 -0.0058213524    276.98328 
 5931000 0.0056156568 -0.0055818424    268.94032 
 5932000 0.0058003795 -0.0057609729    273.19733 
 5933000 0.0055145513 -0.0054941352    271.69621 
 5934000 0.0056570186 -0.0056501756    271.05427 
 5935000   0.00564819 -0.0056277616    274.17677 
 5936000 0.0057247727 -0.0057123442    271.89305 
 5937000 0.0055528944 -0.0055521595     267.9042 
 5938000 0.0054991372 -0.005492801    274.34108 
 5939000 0.0056187052 -0.0055920488    270.51444 
 5940000 0.0055271105 -0.0055244233    271.17615 
 5941000 0.0057068721 -0.0056647057     270.3113 
 5942000 0.0056938899 -0.0056495099       273.98 
 5943000 0.0054793617 -0.0055215392    270.31838 
 5944000 0.0057596283 -0.0057592303    272.78095 
 5945000 0.0056321088 -0.0056149759    269.06026 
 5946000 0.0056323418 -0.0056474986    266.18664 
 5947000 0.0057865398 -0.005774012    270.03909 
 5948000 0.0057514006 -0.0057414395    270.13432 
 5949000 0.0057482429 -0.005745266    267.91042 
 5950000 0.0056550245 -0.0056496268    273.79615 
 5951000 0.0057083845 -0.0057440371    270.07456 
 5952000 0.0057722996 -0.0057993549    274.42528 
 5953000 0.0057668962 -0.0057643943    271.32025 
 5954000  0.005683894 -0.0056703341    271.04312 
 5955000 0.0057284444 -0.0057072338    271.50575 
 5956000 0.0059139408 -0.0059220012    273.09884 
 5957000 0.0056046095 -0.005628949    269.11058 
 5958000 0.0056023339  -0.00560348    272.90666 
 5959000 0.0057336044 -0.0056912881    271.79922 
 5960000 0.0058201418 -0.0058323526    267.97317 
 5961000 0.0056066947 -0.0056116699    272.14807 
 5962000 0.0056987295 -0.0057119669    272.96079 
 5963000 0.0058513398 -0.0058314835    273.70757 
 5964000 0.0058998344 -0.0058832063    271.16707 
 5965000  0.005848284 -0.0058324558    268.63941 
 5966000  0.005863862 -0.0058785865    274.32763 
 5967000 0.0059490462 -0.0059550949    278.70487 
 5968000 0.0060453954 -0.0060070977    268.80578 
 5969000 0.0059340199 -0.0059269304    272.93227 
 5970000 0.0059179501 -0.0059031908    266.69724 
 5971000 0.0058519187 -0.005837005    267.60519 
 5972000 0.0056197099  -0.00562291    261.74994 
 5973000 0.0058258709 -0.0058335651    268.88528 
 5974000 0.0057101519 -0.0057218407    271.20476 
 5975000 0.0059125487 -0.0058858464    272.14153 
 5976000 0.0057767775 -0.0057860939     265.1316 
 5977000 0.0057748798 -0.0057710779    272.55004 
 5978000 0.0060223396 -0.0060180492    267.42243 
 5979000 0.0058958657 -0.0058905712    274.34098 
 5980000 0.0058592798 -0.0058526727    276.33741 
 5981000  0.005996263 -0.0059820059    271.06127 
 5982000 0.0058126095 -0.0058251503    269.25967 
 5983000 0.0059354655 -0.0059329078    268.14977 
 5984000 0.0059999413 -0.0060016051    267.25843 
 5985000 0.0059695577 -0.0059389294     268.4175 
 5986000 0.0059144137 -0.0058964391    272.48534 
 5987000 0.0058947135 -0.0058682643    271.98178 
 5988000 0.0057669045 -0.005747608    274.91311 
 5989000 0.0058110225 -0.0058251009    274.37627 
 5990000 0.0059736755 -0.0059494688    271.42473 
 5991000 0.0060207235 -0.0060128845      270.804 
 5992000 0.0060921907 -0.0060506282    274.66838 
 5993000 0.0061172694 -0.0061218669     275.6583 
 5994000 0.0061158747 -0.0060584498    268.38438 
 5995000  0.005853186 -0.0058363679    273.58349 
 5996000 0.0057528445 -0.0057383383    269.61709 
 5997000 0.0059244173 -0.0058905814    267.08931 
 5998000  0.005990362 -0.0059799816    266.50448 
 5999000 0.0059853984 -0.0059974569    274.07292 
 6000000 0.0060016356 -0.0059726036    267.43451 
 6001000  0.005827759 -0.0058220667    274.17169 
 6002000 0.0057033169 -0.005689565    271.09929 
 6003000 0.0058328413 -0.0058081146    269.97665 
 6004000 0.0059338204 -0.0059208257    272.83298 
 6005000 0.0055230847 -0.0055126181    268.11474 
 6006000 0.0058304588 -0.0057991448     273.2381 
 6007000 0.0058260985 -0.0057966162    273.68651 
 6008000 0.0062149987 -0.0061810549    267.24269 
 6009000 0.0059408987 -0.0059350193     273.1548 
 6010000 0.0060700601 -0.0060467575    268.59268 
 6011000  0.006045978 -0.0060387173     272.3338 
 6012000 0.0059432552 -0.005912477    272.18203 
 6013000 0.0060080355 -0.0059774717    274.68712 
 6014000  0.005941707 -0.0059674236     270.2195 
 6015000 0.0060072306 -0.0060147888    271.53754 
 6016000 0.0060900056 -0.006046613    269.63296 
 6017000 0.0061421747 -0.0061312132    270.72356 
 6018000 0.0059763142 -0.0059717035    266.58037 
 6019000 0.0060598818 -0.0060420708     270.4474 
 6020000 0.0059273019 -0.0059119224    275.14271 
 6021000 0.0056503316 -0.0056167958    273.27143 
 6022000 0.0055911239 -0.0056088157    269.55092 
 6023000 0.0056464249 -0.005662654    275.12685 
 6024000 0.0056510183 -0.0056509831    272.34087 
 6025000 0.0056936134 -0.0056908012    273.47399 
 6026000 0.0058329766 -0.0057880492    270.94657 
 6027000 0.0058888681 -0.0059015053     271.6498 
 6028000 0.0058954483 -0.0058932217    271.49564 
 6029000 0.0058010432 -0.0057876555    273.81715 
 6030000 0.0058272409 -0.0058368631    266.17469 
 6031000 0.0058490598 -0.0058576744    277.31857 
 6032000 0.0057664953 -0.0057650372    270.97031 
 6033000 0.0058655376 -0.0058317087    273.46983 
 6034000 0.0059422549 -0.0059470268     268.4138 
 6035000 0.0057702165 -0.0057571911    270.67185 
 6036000 0.0057556188 -0.0057567091    271.79684 
 6037000  0.005832154 -0.0058541999    263.12526 
 6038000 0.0057846117 -0.0058068254    267.41201 
 6039000 0.0056363352 -0.0056486382    268.82769 
 6040000 0.0059737294 -0.0059990353    270.69886 
 6041000 0.0057404484 -0.0057468509    270.21582 
 6042000 0.0057724015 -0.0057881072    272.72187 
 6043000 0.0058635703 -0.0058693228    272.77146 
 6044000 0.0059817847 -0.0060061207    267.97741 
 6045000  0.005892027 -0.0058806462    268.51391 
 6046000 0.0058439141 -0.0058478561    269.91809 
 6047000 0.0055784819 -0.0056108216    266.99084 
 6048000 0.0058374069 -0.0058522805    267.96912 
 6049000 0.0057735757 -0.0057974375    274.43751 
 6050000 0.0057484294 -0.0057731159    272.46963 
 6051000 0.0058047014 -0.005786055     272.0232 
 6052000 0.0058520393 -0.0058824935    275.29731 
 6053000 0.0060916907 -0.0060707697    271.65301 
 6054000 0.0059969821 -0.0060145806    271.21422 
 6055000 0.0060874228  -0.00608356    272.88584 
 6056000  0.006042515 -0.0060151312     264.6738 
 6057000 0.0058736246 -0.0059246744    269.30979 
 6058000 0.0059140227 -0.0059094743    270.70542 
 6059000 0.0057401753 -0.0057683359    272.74464 
 6060000 0.0058279206 -0.0058539755    263.98423 
 6061000 0.0058688724 -0.005895477    267.86711 
 6062000 0.0059360402 -0.005951697    272.78066 
 6063000 0.0060572267 -0.0060636824    273.57347 
 6064000 0.0058340204 -0.0058398768    268.92654 
 6065000 0.0059892647 -0.0060031608    271.12317 
 6066000 0.0058411873 -0.0057886483    270.11022 
 6067000 0.0059300136 -0.0059229416    272.21005 
 6068000 0.0056819139 -0.0056656184    273.02243 
 6069000 0.0055552347 -0.0055681865    271.15288 
 6070000 0.0054175797 -0.0054141595    268.12215 
 6071000  0.005646343 -0.0056731372    272.50312 
 6072000 0.0054795909 -0.0055030368    278.42657 
 6073000  0.005772914 -0.0057531097    274.91743 
 6074000 0.0055819695 -0.0055680289     267.9558 
 6075000 0.0058485808 -0.0058164405    268.63488 
 6076000 0.0056445573 -0.0056125826    269.99439 
 6077000 0.0057056675 -0.0056855356    274.97477 
 6078000 0.0056222444 -0.0056157851    271.72212 
 6079000 0.0057374015 -0.0057411149    270.12366 
 6080000 0.0057840945 -0.0057367992    269.72999 
 6081000 0.0057962485 -0.0058015227    272.59883 
 6082000 0.0059799521 -0.006002199    269.44946 
 6083000 0.0059066545 -0.0058898313    270.56808 
 6084000 0.0059397346 -0.0059651072    267.27009 
 6085000  0.005934805 -0.005923887    265.98883 
 6086000 0.0057998313 -0.0058102205    272.07167 
 6087000 0.0058418303 -0.0058533272    272.19112 
 6088000 0.0059695435 -0.0059932824    268.95332 
 6089000 0.0058829107 -0.0058549685    276.69613 
 6090000 0.0057786374 -0.005779423    271.49581 
 6091000 0.0056913506 -0.0056907563    274.45561 
 6092000 0.0058175531 -0.0058529937     275.3419 
 6093000 0.0059727466 -0.0059261389    273.21436 
 6094000 0.0056553732 -0.0056679846    270.48128 
 6095000 0.0058169045 -0.0058133003    276.02916 
 6096000 0.0059794012 -0.0059825019    270.52195 
 6097000 0.0058625602 -0.0058573321      274.986 
 6098000 0.0059058636 -0.0059241884    269.50245 
 6099000 0.0057741906 -0.0057720007     274.5284 
 6100000 0.0057560587 -0.0057249569    270.00967 
 6101000 0.0056311344 -0.0056320031    271.24806 
 6102000 0.0058586631 -0.0058750442    267.02137 
 6103000 0.0058399602 -0.0058316402    275.64757 
 6104000 0.0059368486 -0.0059414516      270.163 
 6105000  0.006014912 -0.0060066649    268.53418 
 6106000 0.0056655588 -0.0056735669     269.1669 
 6107000 0.0057584256 -0.0057615754    271.08726 
 6108000 0.0057889723 -0.0057835539    273.97044 
 6109000 0.0055417803 -0.0055442474    270.13304 
 6110000  0.005769077 -0.0057794051    267.43875 
 6111000 0.0057258303 -0.0057405284    268.56215 
 6112000 0.0056834511 -0.0057037437    269.90898 
 6113000 0.0057359397 -0.0057223013     274.0425 
 6114000 0.0057250476 -0.0057264046    274.12812 
 6115000 0.0056566308 -0.0057058354    269.27724 
 6116000  0.005877704 -0.0058787307    273.36341 
 6117000  0.005743844 -0.0057699596    270.91937 
 6118000  0.005786887 -0.0058164675    270.22333 
 6119000 0.0057193403 -0.0057329368    268.41952 
 6120000 0.0059286602 -0.0059084661    267.71284 
 6121000 0.0059870921 -0.0060110311    273.27443 
 6122000 0.0059592975 -0.0059434757    271.09107 
 6123000 0.0056063479 -0.0056191045    266.08001 
 6124000 0.0057062346 -0.0057214117     270.6828 
 6125000 0.0057096524 -0.0056955561     274.5622 
 6126000 0.0057625991 -0.0057929815    276.07651 
 6127000 0.0057038554 -0.0056897847    272.02123 
 6128000 0.0056233299 -0.0056424383    271.14694 
 6129000 0.0057431493 -0.005752045    269.99955 
 6130000 0.0058780659 -0.0058905937    268.32546 
 6131000 0.0057610557 -0.0057717374    275.03846 
 6132000 0.0059024759 -0.0058863695    271.44204 
 6133000 0.0060239377 -0.0060469623    268.78992 
 6134000 0.0058282835 -0.0058305925    268.43366 
 6135000 0.0056731877 -0.0056497348    274.11872 
 6136000 0.0058676697 -0.0058534973    269.28949 
 6137000 0.0057483393 -0.0057182765    268.30618 
 6138000 0.0057304499 -0.0057261268    269.72338 
 6139000 0.0058135569 -0.0058028887    273.33798 
 6140000 0.0056413033 -0.0056522392    274.51653 
 6141000 0.0058443335 -0.0058362462    272.40599 
 6142000  0.005646493 -0.0056485858    266.65791 
 6143000 0.0056471788 -0.0055956465    271.97859 
 6144000 0.0056270578 -0.0056377592    269.36033 
 6145000 0.0057524072 -0.0057853442    267.65628 
 6146000 0.0056102891 -0.0056007464    271.95701 
 6147000 0.0059188184 -0.005904483    268.37533 
 6148000 0.0058558026 -0.0058576501     270.3664 
 6149000 0.0057737368 -0.005792723    271.23102 
 6150000 0.0056464285 -0.0056793243    271.72177 
 6151000 0.0056953519 -0.0057076666    266.79823 
 6152000 0.0057444227 -0.0057627538    271.51077 
 6153000 0.0057158607 -0.0057551548    273.89089 
 6154000 0.0056473308 -0.0056955869    267.94111 
 6155000 0.0058792591 -0.0059162741     271.5622 
 6156000  0.005697266 -0.0057172439    271.18457 
 6157000 0.0057376616 -0.0057373942    274.04872 
 6158000 0.0059693109 -0.0059863457    272.97393 
 6159000 0.0056945954 -0.0057204071    273.44107 
 6160000  0.005672981 -0.0056758833    269.40628 
 6161000 0.0055557357 -0.0055628348     274.1282 
 6162000 0.0057250956 -0.0057527646    270.75219 
 6163000 0.0054786011 -0.0054924726    274.84572 
 6164000 0.0053717039 -0.0053885507    270.45006 
 6165000 0.0053694502 -0.0053683132    273.01598 
 6166000 0.0055143943 -0.0055154711    267.66064 
 6167000 0.0055383741 -0.0054997237    271.27838 
 6168000 0.0056420251 -0.0056239014    269.58664 
 6169000 0.0057513284 -0.0057043387    269.10085 
 6170000 0.0057565783 -0.0057655427    272.59312 
 6171000 0.0057318968 -0.0057520678    269.46607 
 6172000 0.0057231378 -0.0057370012    267.74283 
 6173000 0.0058204506 -0.0057971285    270.38352 
 6174000 0.0058608199 -0.0058614961    267.95457 
 6175000 0.0058446051 -0.0058406711    273.14827 
 6176000 0.0057891527 -0.005770029    269.13106 
 6177000 0.0057779131 -0.0057763826    268.94296 
 6178000 0.0059242857 -0.0059130892    271.13015 
 6179000  0.005722723 -0.0057350388    268.59108 
 6180000 0.0057334278 -0.0057319579    273.28537 
 6181000 0.0057990225 -0.0057954099    271.25083 
 6182000 0.0056976629 -0.0056752278    271.86902 
 6183000 0.0055506392 -0.0055481064    269.37132 
 6184000 0.0055113036 -0.0055169543    271.66138 
 6185000 0.0056650599 -0.0056561257    271.83528 
 6186000 0.0057519281 -0.0057426342    268.62157 
 6187000 0.0056589109 -0.0056522134    268.57269 
 6188000 0.0056793754 -0.0056971011    269.95544 
 6189000 0.0055588352 -0.0055740175    269.62039 
 6190000 0.0056809382 -0.0056780345     274.8957 
 6191000 0.0057804635 -0.0057475978    269.84477 
 6192000 0.0057661692 -0.0057729797    268.86778 
 6193000 0.0058489351 -0.0058619039    268.80442 
 6194000 0.0056439103 -0.0056107321    270.81023 
 6195000 0.0055194958 -0.005519326    270.71951 
 6196000 0.0055487592 -0.0055309626    273.47785 
 6197000 0.0056979695 -0.0056667213    272.23227 
 6198000 0.0055752688 -0.0055618656    274.84526 
 6199000 0.0054798762 -0.0054520881     267.1801 
 6200000 0.0052290389 -0.0052227728      270.898 
 6201000  0.005649405 -0.0056078853    263.71746 
 6202000 0.0056173726 -0.0055743995    269.24774 
 6203000 0.0055515544 -0.005557981    276.19352 
 6204000 0.0055762808 -0.0055511307    271.89872 
 6205000 0.0053749274 -0.0053838593    271.31047 
 6206000 0.0054588418 -0.0054092788    269.42417 
 6207000 0.0056965431 -0.0056529194     268.8179 
 6208000 0.0055800516 -0.0055348703     268.6076 
 6209000 0.0053578323 -0.0053763116    265.08207 
 6210000 0.0055368511 -0.0055046883    269.94315 
 6211000 0.0055466083 -0.0055379459    268.09792 
 6212000 0.0056433374 -0.0056225306    268.36555 
 6213000 0.0056365028 -0.005628815    273.95318 
 6214000 0.0056883114 -0.0056384194    273.80667 
 6215000 0.0054654693 -0.0054470778     274.4759 
 6216000 0.0054828295 -0.0054816928    270.98148 
 6217000 0.0055467383 -0.0055771815    266.94005 
 6218000 0.0055468464 -0.0055476586    276.01838 
 6219000  0.005576579 -0.0055757264    267.45773 
 6220000 0.0054885231 -0.0055007552    272.58312 
 6221000  0.005581362 -0.0055733554    275.51125 
 6222000 0.0056262088 -0.0056093371    270.48108 
 6223000 0.0054647646 -0.0055129915    271.84022 
 6224000 0.0054414308 -0.0054551861    271.87391 
 6225000 0.0055623749 -0.0055739296    277.07294 
 6226000 0.0055458678 -0.0055628777    268.75363 
 6227000 0.0054926702 -0.0054957845    264.50493 
 6228000  0.005551444 -0.0055830248    270.59695 
 6229000 0.0055061448 -0.0055173362    272.04039 
 6230000 0.0053658781 -0.005423621    268.70762 
 6231000 0.0052944421 -0.0053566138     268.1778 
 6232000 0.0054112076 -0.0054257414    267.92206 
 6233000 0.0054387256 -0.0054512745    271.21932 
 6234000 0.0056499947 -0.0056939107    266.56354 
 6235000 0.0054321012 -0.0054456577    271.30297 
 6236000 0.0054516809 -0.0055080921    270.04389 
 6237000 0.0055757122 -0.0055717671    269.69386 
 6238000 0.0054876536 -0.0055161363    272.07296 
 6239000 0.0055762917 -0.005601257    273.61111 
 6240000 0.0056578491 -0.0056521315      269.532 
 6241000 0.0055313263 -0.005570707     267.2745 
 6242000 0.0055471277 -0.0055122282    275.19059 
 6243000 0.0057258321 -0.005712524    276.66705 
 6244000 0.0056498632 -0.0056698063    270.48935 
 6245000 0.0057378616 -0.0057205701    263.40109 
 6246000 0.0056407353 -0.0056197817     271.6227 
 6247000 0.0055697391 -0.0055740806    275.74756 
 6248000 0.0055334825 -0.0055514112    271.95555 
 6249000 0.0058284726 -0.0058122467    268.82895 
 6250000  0.005882436 -0.0058712648    271.59628 
 6251000 0.0055334349 -0.0054822395    273.24758 
 6252000 0.0055101438 -0.0055324463    279.75904 
 6253000 0.0054946869 -0.0055043829    265.49084 
 6254000 0.0054657866 -0.0055027915    271.80171 
 6255000 0.0056202146 -0.0056244854    267.72406 
 6256000 0.0053583786 -0.0053518947    275.83637 
 6257000 0.0052253707 -0.0052051906    269.11221 
 6258000 0.0053334785 -0.0053513309    271.49064 
 6259000 0.0054319463 -0.0054383516    269.42906 
 6260000 0.0053828436 -0.0054258906    271.48314 
 6261000 0.0054192499 -0.0054258174    266.62448 
 6262000 0.0054455335 -0.0054579021    275.64196 
 6263000 0.0054311935 -0.0054463976    274.65697 
 6264000 0.0056789557 -0.0056733536    269.81619 
 6265000 0.0053868331 -0.0053790032    270.02296 
 6266000 0.0056895514 -0.0056757499     270.8176 
 6267000 0.0057009803 -0.0056856532    272.97596 
 6268000  0.005572233 -0.0055537997    267.67118 
 6269000 0.0054950583 -0.0055336996    269.68649 
 6270000  0.005311793 -0.005336711    273.22525 
 6271000 0.0053451775 -0.0053422505    274.30127 
 6272000 0.0054085613 -0.0054058373    267.02094 
 6273000 0.0053124519 -0.0053107064    270.73318 
 6274000 0.0053147197 -0.0053151462    264.90311 
 6275000 0.0052893808 -0.0052788323    269.94981 
 6276000  0.005374735 -0.0053576188     271.1974 
 6277000  0.005379636 -0.0053721659    267.88681 
 6278000 0.0055132926 -0.0055158584    268.64825 
 6279000 0.0055851597 -0.0055488149    275.05742 
 6280000 0.0055720329 -0.0055511399    270.76285 
 6281000   0.00566838 -0.0056453498    269.62807 
 6282000 0.0054799118 -0.0054871018    268.27793 
 6283000 0.0055196168 -0.0055211299     270.9467 
 6284000 0.0055867966 -0.005594338    269.20583 
 6285000 0.0054947679 -0.0055177676    272.76579 
 6286000 0.0055636008 -0.0055578559    270.13779 
 6287000 0.0054215579 -0.0054091199    273.60829 
 6288000 0.0056394066 -0.0056006957    275.37532 
 6289000 0.0056115262 -0.0055873242    268.11928 
 6290000 0.0054761948 -0.0054688495    270.31983 
 6291000 0.0054534367 -0.0054531669    270.50906 
 6292000 0.0055087116 -0.005506176    268.72277 
 6293000 0.0054783483 -0.0054651466    270.57671 
 6294000 0.0054286478 -0.0054285082    272.00201 
 6295000 0.0054175372 -0.0054397446    275.08618 
 6296000 0.0053648309 -0.005344482    272.60959 
 6297000 0.0051909142 -0.0051871813    273.63029 
 6298000 0.0051114763 -0.0050917966    271.27786 
 6299000 0.0053297563 -0.0053039191    274.24386 
 6300000 0.0051804133 -0.005186854    269.94345 
 6301000 0.0052689906 -0.0052710752    272.51824 
 6302000 0.0053174145 -0.0052872189    271.93711 
 6303000 0.0054925607 -0.0054588846    270.65447 
 6304000 0.0052562173 -0.0052474819    267.22732 
 6305000 0.0052486375 -0.0052180328    271.89362 
 6306000 0.0052107351 -0.0051804566    271.86693 
 6307000  0.005331035 -0.0053105442    269.20208 
 6308000 0.0054077664 -0.0054228092    277.69468 
 6309000 0.0053532074 -0.0053312119    270.73117 
 6310000 0.0053969559 -0.0053973666    266.44166 
 6311000 0.0053977074 -0.0053807835    271.17823 
 6312000 0.0053554947 -0.0053329316    274.72223 
 6313000   0.00528094 -0.0052615912    267.42514 
 6314000 0.0053959461 -0.0053862061    266.87192 
 6315000 0.0053072252 -0.005308206    266.24773 
 6316000 0.0054355283 -0.0054187069    270.66826 
 6317000 0.0054126715 -0.005421155    263.05589 
 6318000 0.0053603378 -0.0053887706    269.16466 
 6319000 0.0054057497 -0.0053856768    270.80738 
 6320000 0.0056140528 -0.0056199808    271.48576 
 6321000 0.0055431821 -0.0055037452    271.69903 
 6322000 0.0055187882 -0.0055201093    273.07155 
 6323000 0.0053615066 -0.005355605    267.85914 
 6324000  0.005340128 -0.0053288479    267.58612 
 6325000 0.0053236172 -0.0052982879    268.67469 
 6326000 0.0051951972 -0.0051796825    272.96891 
 6327000 0.0053429426 -0.0053151675    267.64749 
 6328000 0.0055140678 -0.0054782816    267.56787 
 6329000 0.0054957573 -0.0055184688    271.51936 
 6330000 0.0056356356 -0.0056635457    271.28929 
 6331000 0.0055801789 -0.0055511703    272.88993 
 6332000 0.0055842691 -0.0056015007    270.96909 
 6333000 0.0055896538 -0.0055435962    276.30421 
 6334000 0.0056277087 -0.0056109235    272.48649 
 6335000 0.0053334049 -0.0053418174    275.46504 
 6336000 0.0052238071  -0.00523999    267.36814 
 6337000 0.0052358918 -0.0052384344    271.89899 
 6338000 0.0052123377 -0.0052027631    265.85219 
 6339000 0.0051882414 -0.0051916958    273.38433 
 6340000 0.0053596382 -0.0053694996    265.21641 
 6341000 0.0053530501 -0.0053302947    273.91525 
 6342000 0.0054824055 -0.0055443535    272.72794 
 6343000 0.0055503303 -0.005511737    268.74834 
 6344000 0.0053582029 -0.0053340333    268.02739 
 6345000 0.0053435192 -0.0053465987    270.64939 
 6346000 0.0054081469 -0.0054190729     273.7619 
 6347000 0.0053580979 -0.0053224403     269.4382 
 6348000 0.0053000372 -0.0052938533    268.66396 
 6349000 0.0052152546 -0.0052166372    269.61578 
 6350000 0.0053061416 -0.005286493    271.41521 
 6351000 0.0057201489 -0.0057094981    269.25306 
 6352000 0.0054055642 -0.0053683378    274.69561 
 6353000 0.0051717372 -0.0051859651    273.06069 
 6354000  0.005312153 -0.0053401887    265.48393 
 6355000 0.0051184904 -0.0051102772    270.71671 
 6356000 0.0053925433 -0.0053492048    265.19457 
 6357000 0.0050864367 -0.0050874479    270.57456 
 6358000 0.0055644313 -0.0055643184    272.05746 
 6359000  0.005485187 -0.0054928769     272.3228 
 6360000 0.0053949178 -0.0053791394    271.02228 
 6361000 0.0054216312 -0.0054400273    269.49017 
 6362000 0.0053363497 -0.0053587509    277.96134 
 6363000 0.0055483714 -0.0055525846    271.30646 
 6364000 0.0054027408 -0.005410506    275.05498 
 6365000 0.0054214989 -0.005465633    271.33408 
 6366000 0.0056250663 -0.0056192966    271.76439 
 6367000 0.0055158869 -0.0055257367     266.9405 
 6368000 0.0053481897 -0.0053747039    269.77177 
 6369000 0.0055394498 -0.0054918749    269.64866 
 6370000  0.005472438 -0.0054303013    269.09628 
 6371000 0.0053051946 -0.005318705    271.11808 
 6372000 0.0054279865 -0.0053835035    271.57274 
 6373000    0.0054056 -0.0054051636    271.64932 
 6374000 0.0055020193 -0.0054832056    271.78905 
 6375000 0.0053156216 -0.0053325307    270.01405 
 6376000 0.0053431603 -0.0053219102     264.8354 
 6377000 0.0053777368 -0.0053932866    270.41659 
 6378000 0.0053394552 -0.0053419485    269.94976 
 6379000 0.0053624048 -0.0053352136    273.13882 
 6380000 0.0053297979 -0.0053133013    274.90861 
 6381000 0.0054412644 -0.0054459768    270.24119 
 6382000 0.0054482421 -0.005451863    270.50511 
 6383000 0.0054343255 -0.005422348    271.80172 
 6384000 0.0054557081 -0.0054592909    273.90166 
 6385000 0.0056432595 -0.0056210284    268.29279 
 6386000 0.0055894977 -0.0055648332    265.26292 
 6387000 0.0056745657 -0.0056580482    270.33529 
 6388000 0.0055915317 -0.0055935317    270.80115 
 6389000 0.0055723868 -0.0056110911    272.87519 
 6390000  0.005632143 -0.0056549823    272.59437 
 6391000 0.0054550926 -0.0054671207    267.10872 
 6392000 0.0056443089 -0.0056649049    270.29535 
 6393000 0.0055444563 -0.0055781625    269.23156 
 6394000 0.0055003351 -0.0054939225    268.72001 
 6395000  0.005707368 -0.0057257545    271.56844 
 6396000 0.0057425476 -0.0057299596    274.82161 
 6397000 0.0058641964 -0.0058946019    272.09897 
 6398000 0.0060448422 -0.0060700732    268.08629 
 6399000 0.0058560596 -0.0058243275    272.70602 
 6400000 0.0058587648 -0.0058404806    266.55178 
 6401000 0.0057721745 -0.005764956    273.44077 
 6402000 0.0056976467 -0.0056987207    269.20864 
 6403000 0.0058397853 -0.0058418917    269.17165 
 6404000 0.0057007807 -0.0056925822    272.73322 
 6405000 0.0058104566 -0.005815314    274.72579 
 6406000 0.0058430748 -0.0058338511    267.21046 
 6407000 0.0059721597 -0.005923011    272.93907 
 6408000 0.0057484558 -0.0057138088     268.2821 
 6409000 0.0057266737 -0.0057160312    265.63298 
 6410000 0.0059049187 -0.0058666801    265.60093 
 6411000   0.00587561 -0.0058376672    269.16047 
 6412000 0.0056462698 -0.0056198487    271.62687 
 6413000 0.0057155567 -0.005723294    271.19641 
 6414000 0.0057562358 -0.0057457486    269.13807 
 6415000 0.0057513917 -0.0057463224    273.07601 
 6416000 0.0056934122 -0.005663304      273.931 
 6417000 0.0056291723 -0.0056195823    269.79835 
 6418000  0.005697896 -0.0056871671    269.22584 
 6419000 0.0058195192 -0.0057778719    278.22921 
 6420000 0.0056188997 -0.0056423808    274.47861 
 6421000 0.0056516335 -0.0056175755    272.83285 
 6422000 0.0054566402 -0.005460541    268.55638 
 6423000 0.0054636476 -0.0054729231    269.94541 
 6424000 0.0055042123 -0.0055002531    271.39354 
 6425000 0.0053989303 -0.0054341347     272.5067 
 6426000 0.0056454519 -0.0056523586    271.71013 
 6427000  0.005696523 -0.0056787872    269.06245 
 6428000 0.0055366741 -0.0054967647    271.68495 
 6429000 0.0055580728 -0.0055706699    270.45009 
 6430000 0.0054966867 -0.0054842329    273.31288 
 6431000 0.0057140412 -0.0057140628    269.64716 
 6432000 0.0059069151 -0.0059027538    270.16885 
 6433000 0.0058284885 -0.0058338764    272.26259 
 6434000  0.005769542 -0.0057435963    271.31616 
 6435000 0.0057304698 -0.0057264382     266.6095 
 6436000 0.0055932045 -0.0056217538      268.542 
 6437000 0.0058646391 -0.0058463623     270.0217 
 6438000 0.0059027941 -0.0059083853    274.68417 
 6439000 0.0060027454 -0.0060089804    270.36045 
 6440000  0.005868617 -0.0058567125    268.69606 
 6441000 0.0057948432 -0.0058219029    266.69096 
 6442000 0.0057476071 -0.0057316866    273.19965 
 6443000 0.0058222308 -0.0058070353    269.23841 
 6444000 0.0057863054 -0.0057929221    274.19613 
 6445000  0.005709494 -0.0057505189    272.58212 
 6446000  0.005898425 -0.0059038551    276.29605 
 6447000 0.0057699042 -0.005787151    273.48197 
 6448000 0.0056149174 -0.005622716    272.78961 
 6449000 0.0057917822 -0.0057556264     268.7986 
 6450000 0.0058472047 -0.005857799    268.83493 
 6451000 0.0056876669 -0.0056586455    273.12583 
 6452000 0.0059214957 -0.0059185115    273.18939 
 6453000 0.0057631139 -0.0057639459    266.00574 
 6454000 0.0056732077 -0.0056710753    263.62114 
 6455000 0.0058171656 -0.0058000551    266.99492 
 6456000 0.0058587121 -0.0058756619    269.27437 
 6457000  0.005918305 -0.0059201061    273.43363 
 6458000 0.0059423862 -0.0058843778    269.92922 
 6459000 0.0061364615 -0.006118824    275.06449 
 6460000 0.0060021987 -0.0059866729    269.67251 
 6461000 0.0059932168 -0.0059725401    268.72962 
 6462000 0.0058292748 -0.0057942183    269.41148 
 6463000 0.0059242677 -0.0058905415     267.9455 
 6464000 0.0059334222 -0.0059074808     270.0584 
 6465000 0.0057536828 -0.0057536926    269.69866 
 6466000 0.0058059028 -0.0057863113    270.23424 
 6467000 0.0058897258 -0.0058886026    271.04989 
 6468000 0.0060282665 -0.0060360228    266.22803 
 6469000 0.0060414033 -0.0060145744    275.59433 
 6470000 0.0061226617 -0.0060958229    268.84666 
 6471000 0.0062499947 -0.0062423073    269.45769 
 6472000 0.0062474134 -0.0062545674    270.38515 
 6473000 0.0060730422 -0.0060837192    268.72604 
 6474000 0.0063584432 -0.0063876076    268.68675 
 6475000 0.0060655118 -0.0060265975    269.17186 
 6476000 0.0058548049 -0.0058689441    273.19711 
 6477000 0.0059908214 -0.0059583396    270.34681 
 6478000 0.0057131544 -0.0056934047    271.28388 
 6479000 0.0057642076 -0.0057521087    272.16412 
 6480000 0.0057417468 -0.0057006321    273.61873 
 6481000 0.0058742333 -0.0058530985    267.80853 
 6482000 0.0057621199 -0.0057546777    266.83487 
 6483000 0.0057967262 -0.0057973655    273.44141 
 6484000 0.0056891579 -0.0056352696    272.27272 
 6485000 0.0056842537 -0.0056439465    272.11695 
 6486000 0.0055026318 -0.0055161671    269.82417 
 6487000  0.005591794 -0.0056118507     273.1179 
 6488000 0.0057246053 -0.0056955812     272.0434 
 6489000 0.0057781035 -0.0057594659    268.54641 
 6490000 0.0056467391 -0.0056157544    267.85644 
 6491000 0.0057187129 -0.0057080157    272.38332 
 6492000 0.0056148413 -0.0055874906    267.61751 
 6493000 0.0055396011 -0.0055276288    269.78787 
 6494000  0.005678625 -0.0056418616    271.00037 
 6495000 0.0058339706 -0.0058351773     265.3786 
 6496000 0.0055437784 -0.0055641504    264.54189 
 6497000 0.0055565502 -0.0055664207    270.35378 
 6498000 0.0056230683 -0.0056421864    269.90703 
 6499000  0.005804993 -0.0058129497    272.52173 
 6500000 0.0058420424 -0.0058273917    275.76123 
 6501000 0.0057945794 -0.0057840683     270.0235 
 6502000 0.0058407824 -0.0058756828    263.95165 
 6503000  0.005920077 -0.0058884932     271.7936 
 6504000 0.0059108835 -0.0059211484    274.28696 
 6505000 0.0057728908 -0.0057587952    272.02744 
 6506000 0.0055779019 -0.0055638569    270.51929 
 6507000 0.0055194034 -0.0054930528    271.36001 
 6508000 0.0053901373 -0.0053916828    271.78811 
 6509000 0.0054862542 -0.0054405807    265.71823 
 6510000 0.0055441982 -0.0055070799    268.79431 
 6511000 0.0056316511 -0.0056303586    276.25579 
 6512000  0.005594541 -0.0055964996    267.71492 
 6513000 0.0057893442 -0.0058124537    275.58945 
 6514000 0.0057329848 -0.0057324937    272.74671 
 6515000 0.0056801972 -0.0056331307    272.47934 
 6516000 0.0057507472 -0.0057337381    271.33179 
 6517000 0.0056369438 -0.0056284867    270.06262 
 6518000 0.0056126659 -0.0056252172    270.86793 
 6519000 0.0055099602 -0.0055101675     273.2934 
 6520000  0.005694993 -0.0056962493    271.95382 
 6521000 0.0056422155 -0.0056291048    272.65207 
 6522000 0.0059068698 -0.0058820101    264.00383 
 6523000 0.0057621806 -0.005775121    270.06135 
 6524000 0.0056561153 -0.0056350134    269.91755 
 6525000 0.0057683725 -0.0057027844    271.92601 
 6526000 0.0059451734 -0.0058658921    269.32871 
 6527000 0.0056733492 -0.0056779615    271.51798 
 6528000 0.0056576426 -0.0056345608    272.22915 
 6529000 0.0059508791 -0.0059281172    266.26202 
 6530000 0.0059008505 -0.0058806024    268.89061 
 6531000 0.0058023334 -0.0058082754     266.9401 
 6532000 0.0057004212 -0.005707208     267.2858 
 6533000 0.0056665614 -0.0056464138    272.81185 
 6534000 0.0055278448 -0.0055334945    271.70657 
 6535000  0.005539428 -0.0055461389    272.05183 
 6536000 0.0056313335 -0.0056204486    267.77774 
 6537000 0.0055678112 -0.005596759    272.39101 
 6538000 0.0057914454 -0.0057705262    272.05515 
 6539000 0.0055227514 -0.0055505674    267.31496 
 6540000 0.0056920584 -0.0056934356    272.07606 
 6541000 0.0057003065 -0.0056610125    275.44467 
 6542000 0.0056182238 -0.005620719    273.80643 
 6543000 0.0056441474 -0.0056436285    274.77227 
 6544000 0.0056117368 -0.0056216342    274.23911 
 6545000 0.0054453263 -0.0054506161    270.35769 
 6546000 0.0054144194 -0.0054315304    274.88191 
 6547000 0.0054882934 -0.0054531819    269.17991 
 6548000 0.0056250023 -0.0056011674    271.42652 
 6549000 0.0055249644 -0.005486209    275.67929 
 6550000 0.0056648675 -0.0056621842    269.72159 
 6551000 0.0057988835 -0.0057693825    267.20491 
 6552000 0.0056711448 -0.0056839527     268.7347 
 6553000  0.005740924 -0.005698648    271.81861 
 6554000 0.0056731525 -0.0056872893    267.72535 
 6555000 0.0056499365 -0.0056228878    272.34175 
 6556000 0.0055508543 -0.0055514559    269.65148 
 6557000 0.0055580337 -0.0055350599    274.81248 
 6558000 0.0054732522 -0.0054545406    274.39447 
 6559000 0.0056558354 -0.0056769992    269.47042 
 6560000 0.0054849221 -0.0054681082    269.38435 
 6561000 0.0054657032 -0.0054981609    268.19786 
 6562000 0.0056048887 -0.005603952    270.25774 
 6563000 0.0055955977 -0.0055969011    273.46699 
 6564000 0.0056353394 -0.0056614075    276.02497 
 6565000 0.0056584434 -0.0056119397     269.7823 
 6566000 0.0057149417 -0.0057222338     273.5309 
 6567000 0.0055434139 -0.0055651219    268.37117 
 6568000 0.0056108308 -0.005605336    271.59716 
 6569000 0.0056215553 -0.0056199419     271.0854 
 6570000 0.0057738924 -0.0057389154    271.49685 
 6571000 0.0054979037 -0.005484708    268.94984 
 6572000 0.0053916963 -0.005417932    271.25546 
 6573000 0.0055596941 -0.0055394233    269.48148 
 6574000 0.0056925804 -0.0056660208    271.65236 
 6575000  0.005657689 -0.0056558711    272.91661 
 6576000 0.0056831261 -0.0056699124    270.18881 
 6577000 0.0055755383 -0.0055676477    273.12419 
 6578000 0.0055418577 -0.0055416142    268.17798 
 6579000 0.0055426031 -0.0055084501    269.74032 
 6580000 0.0055161445 -0.0055316181    267.71736 
 6581000 0.0054802844 -0.0054744248    272.88686 
 6582000 0.0055616571 -0.0055889518    265.93293 
 6583000 0.0058622776 -0.0058602435    269.95293 
 6584000 0.0056937513 -0.0056975117    271.96879 
 6585000 0.0058191925 -0.0058015895    272.39903 
 6586000 0.0058263875 -0.0057885235    271.09376 
 6587000 0.0057922293 -0.0057321708    275.36023 
 6588000   0.00583266 -0.0058067904    270.08236 
 6589000 0.0059162315 -0.0058627139    270.37497 
 6590000 0.0056254625 -0.0056412513    270.86609 
 6591000 0.0056286904 -0.0056200945    269.76982 
 6592000 0.0055619098 -0.005584153    267.19752 
 6593000 0.0057617375 -0.0057340224    267.83586 
 6594000 0.0056343343 -0.0056387383    270.18323 
 6595000 0.0055610803 -0.0055543981    271.45096 
 6596000  0.005635076 -0.0056538795    274.01242 
 6597000 0.0053915408 -0.0053764898    267.23126 
 6598000 0.0055830467 -0.0055972875    269.23764 
 6599000 0.0054469872 -0.0054613435    272.86374 
 6600000 0.0053478621 -0.0053539132    267.37459 
 6601000 0.0054704239 -0.0054631473    273.57501 
 6602000 0.0056140304 -0.0056141276     275.1343 
 6603000 0.0056602305 -0.0056650085    271.57137 
 6604000 0.0053110844 -0.005325253    269.45016 
 6605000 0.0052687632 -0.0052821949    269.85463 
 6606000 0.0054204923 -0.0054313681    274.98449 
 6607000  0.005307376 -0.0053587953    267.04662 
 6608000 0.0052997109 -0.0053297705    274.42239 
 6609000 0.0054004493 -0.0053764897    270.22597 
 6610000 0.0053498542 -0.0053332087    262.25682 
 6611000 0.0054602897 -0.0054933724    274.47277 
 6612000 0.0054768052 -0.0055203998    271.03425 
 6613000 0.0053010016 -0.005345093    274.89126 
 6614000 0.0054737426 -0.0054432955    270.54471 
 6615000 0.0055151971 -0.0055028446    274.98888 
 6616000 0.0056707555 -0.0056234226    269.89606 
 6617000  0.005560228 -0.0055514108    269.59947 
 6618000 0.0056781842 -0.0056778307    269.86812 
 6619000 0.0057126942  -0.00571144    267.17329 
 6620000 0.0057651327 -0.0057604593    271.14766 
 6621000 0.0055845339 -0.0055661574    269.40328 
 6622000 0.0054029777 -0.005412511    271.54776 
 6623000  0.005401197 -0.0053671655    269.01097 
 6624000 0.0052683407 -0.0052707215    272.27339 
 6625000 0.0054627562 -0.0054994298    269.49225 
 6626000 0.0054789977 -0.0054943407    267.21309 
 6627000 0.0052687416 -0.0052799775    270.15239 
 6628000 0.0052850726 -0.0053162196    268.41907 
 6629000 0.0055118846 -0.0055061774    270.86772 
 6630000 0.0054220773 -0.0054202536    273.55175 
 6631000 0.0053879909 -0.0053842232    270.06221 
 6632000 0.0053947308 -0.0054045405    264.58209 
 6633000 0.0053104258 -0.0053099482    267.53926 
 6634000 0.0052445728 -0.0052540481    272.40205 
 6635000 0.0053109103 -0.0052846631    268.48385 
 6636000 0.0053191958 -0.0053154981    269.27818 
 6637000 0.0056016575 -0.0056129056    270.49834 
 6638000 0.0056284598 -0.0056804946    271.80306 
 6639000 0.0055854861 -0.0056009839    272.76655 
 6640000 0.0056409597 -0.0056543395    271.61786 
 6641000 0.0055501078 -0.0055295967    275.03965 
 6642000 0.0053147884 -0.0053232776    273.28026 
 6643000 0.0053618512 -0.0053250236    270.28635 
 6644000 0.0055271706 -0.0055472683    274.91761 
 6645000 0.0054416391 -0.0054265165    270.29325 
 6646000 0.0055499476 -0.0055627847    266.96786 
 6647000 0.0054847797 -0.0055066952    271.84328 
 6648000 0.0053254845 -0.0053552972    273.35539 
 6649000  0.005397086 -0.0054472974    271.12609 
 6650000 0.0052239938 -0.0052291601    273.12794 
 6651000 0.0051130626 -0.0050799811    271.41501 
 6652000 0.0053517221 -0.0053585061    273.11587 
 6653000 0.0054339958 -0.0054823467    273.66552 
 6654000 0.0055508362 -0.0055501996    272.94306 
 6655000 0.0054819899 -0.0054894784    271.88967 
 6656000 0.0054116398 -0.0054307859    272.13869 
 6657000 0.0054552411 -0.0054496202    272.93936 
 6658000 0.0054826113 -0.0054750118    270.68363 
 6659000 0.0054365368 -0.005451244    269.26528 
 6660000 0.0054551042 -0.0054260154      273.506 
 6661000 0.0053856727 -0.0053458202    276.31082 
 6662000 0.0053799407 -0.0053493363    273.13992 
 6663000 0.0052310208 -0.0052157409    274.90977 
 6664000 0.0054401788 -0.0053959061    273.20073 
 6665000 0.0053105936 -0.0052868281    267.27959 
 6666000 0.0054146113 -0.0053992822    273.21565 
 6667000 0.0053586077 -0.0053429663    272.97165 
 6668000  0.005309904 -0.0052970397    270.30318 
 6669000 0.0053320794 -0.0053248166    270.91173 
 6670000 0.0054078079 -0.0053677579    269.97405 
 6671000 0.0054893182 -0.0055149138    272.93071 
 6672000  0.005461039 -0.0054565525     269.2457 
 6673000 0.0053152659 -0.0053245028    266.62526 
 6674000 0.0052913545 -0.0052730485    273.18872 
 6675000 0.0055362063 -0.0055272597    270.30417 
 6676000 0.0055607229 -0.0055372861    269.64513 
 6677000 0.0057370579 -0.0057320351    272.57928 
 6678000 0.0056389937 -0.0056391483    273.90784 
 6679000 0.0056936843 -0.0056887756    266.34719 
 6680000 0.0056419248 -0.0056114838    276.08433 
 6681000 0.0056582261 -0.0056751191    266.98083 
 6682000 0.0055356473 -0.0055305848    267.02496 
 6683000 0.0056918377 -0.0057382929    270.57041 
 6684000  0.005721797 -0.0057213797    269.24656 
 6685000 0.0056843206 -0.0057119044     274.9631 
 6686000 0.0057564756 -0.0057467138    272.50303 
 6687000 0.0058108944 -0.0058101248    273.90948 
 6688000 0.0059454713 -0.0059310361    267.84914 
 6689000  0.005821317 -0.0058207456    266.54724 
 6690000 0.0060777871 -0.0060340019     273.3444 
 6691000 0.0059497167 -0.0059350122    271.13962 
 6692000 0.0059034842 -0.0058495568    270.42639 
 6693000 0.0059063979 -0.0059296601    270.30273 
 6694000 0.0058672188 -0.005867746    269.09037 
 6695000 0.0058618886 -0.0058977797    274.76493 
 6696000  0.005784541 -0.0058060042    272.93636 
 6697000 0.0057043136 -0.0056773692    273.84928 
 6698000 0.0058783607 -0.0058600357    271.38753 
 6699000 0.0056452761 -0.0056424446    269.28008 
 6700000 0.0057286573 -0.0057326449    274.75357 
 6701000  0.005797632 -0.0057842279    270.51866 
 6702000 0.0058506729 -0.0058210748    269.15662 
 6703000 0.0061496846 -0.0061202234    273.13566 
 6704000 0.0061458279 -0.0061289013    265.92145 
 6705000 0.0058745769 -0.0058380385    268.59852 
 6706000 0.0060160542 -0.0059922859    274.28966 
 6707000 0.0057993516 -0.0057686076    269.17425 
 6708000 0.0057920408 -0.0057866502    277.21653 
 6709000 0.0057983976 -0.0057849916    270.86326 
 6710000 0.0058759217 -0.0058834311    270.96487 
 6711000 0.0060359615 -0.0060215092    268.49303 
 6712000 0.0059540509 -0.0059573719    272.68477 
 6713000 0.0060623548 -0.0060382088     269.5948 
 6714000 0.0060333052  -0.00603201    268.66621 
 6715000 0.0061397722 -0.0061237824    268.81255 
 6716000 0.0062957352 -0.0063079908    271.50846 
 6717000 0.0061965492 -0.0061642133     270.7581 
 6718000 0.0060362834 -0.0060418212    271.45034 
 6719000 0.0058940627  -0.00588953    271.79168 
 6720000 0.0061083102 -0.0061231251    272.43036 
 6721000 0.0059340921 -0.0059402208    275.20206 
 6722000 0.0061009159 -0.006078227    270.73013 
 6723000  0.005710214 -0.005691183    269.54928 
 6724000 0.0057740672 -0.0057480143    269.51817 
 6725000 0.0057499156 -0.0057243039    273.55007 
 6726000  0.005831576 -0.0058552257    272.82189 
 6727000 0.0058236742 -0.0058397595    266.64464 
 6728000 0.0058159616 -0.0058433276    274.40841 
 6729000 0.0058880946 -0.0058965285    275.47028 
 6730000 0.0057337226 -0.0057393673    271.54071 
 6731000 0.0058348147 -0.0058402499    265.86705 
 6732000 0.0059646406 -0.0059541007    274.46299 
 6733000 0.0058460237 -0.0058609376    268.43765 
 6734000 0.0058258577 -0.005832246    272.11596 
 6735000  0.005901799 -0.0059031191    273.60372 
 6736000   0.00563833 -0.0056443543    276.65265 
 6737000 0.0058452902 -0.0058378524     276.0624 
 6738000 0.0057277535 -0.0057415187     271.0681 
 6739000 0.0057984176 -0.0057655794    274.07844 
 6740000 0.0056751215 -0.0056645697    272.12662 
 6741000 0.0058309851 -0.0058138672    268.22891 
 6742000 0.0055203459 -0.005535136    272.87711 
 6743000 0.0056462036 -0.0056474555    268.85579 
 6744000 0.0054996546 -0.0055083555    266.74129 
 6745000 0.0057315261 -0.0057170052    273.41627 
 6746000 0.0058321221 -0.0058141815    268.78552 
 6747000 0.0057928353 -0.0058068327     273.9593 
 6748000 0.0056347094 -0.0055773312    271.09139 
 6749000 0.0057276849 -0.0056832951     274.6358 
 6750000 0.0057979787 -0.0057591342    269.47318 
 6751000 0.0058089942 -0.0057981361    270.76851 
 6752000 0.0060296584 -0.0060356912    273.10111 
 6753000 0.0059646863 -0.0059743088    271.96268 
 6754000 0.0059897712 -0.0059952294    271.81296 
 6755000 0.0058655107 -0.005884186    266.56602 
 6756000 0.0057410616 -0.0057349773    268.92849 
 6757000 0.0060502762 -0.0060318066    269.14782 
 6758000 0.0059148535 -0.0059171924    274.44881 
 6759000 0.0059222283 -0.0059149992    269.89005 
 6760000 0.0061080155 -0.0060795816     270.0835 
 6761000 0.0059935641 -0.0059871974    269.49728 
 6762000 0.0058814136 -0.005879704    265.23002 
 6763000 0.0058969911 -0.005891397    268.70811 
 6764000 0.0058297222 -0.0058106172    272.53648 
 6765000 0.0057466229 -0.0057318017    271.00487 
 6766000 0.0056841837 -0.0056468248    272.38268 
 6767000 0.0055471104 -0.0055570454    267.02613 
 6768000 0.0055357374 -0.0055639638    270.86331 
 6769000 0.0055187448 -0.0055369284    270.62397 
 6770000 0.0057096313 -0.0057126472    267.83822 
 6771000 0.0055871373 -0.0055962519    270.86702 
 6772000 0.0056518466 -0.0056157316    271.40779 
 6773000 0.0055542137 -0.0055346748    274.62933 
 6774000 0.0057681965 -0.0057426428     266.6007 
 6775000 0.0056318027 -0.0056227308    272.82758 
 6776000 0.0056592307 -0.0056547752    273.60587 
 6777000 0.0058524248 -0.0058279564    270.06897 
 6778000 0.0059748177 -0.0059290105    274.51612 
 6779000 0.0057229967 -0.0057404273     274.1591 
 6780000 0.0056307245 -0.0056063248    266.41682 
 6781000 0.0056422875 -0.0056368555     272.4426 
 6782000 0.0055482202 -0.0055367397    272.95228 
 6783000 0.0056077177 -0.0055875073    270.42568 
 6784000 0.0056347254 -0.0056314502    270.16258 
 6785000 0.0058152521 -0.0057751725    272.41355 
 6786000 0.0057757597 -0.0057483794    270.83806 
 6787000 0.0057089724 -0.0056803565    271.11563 
 6788000 0.0057579765 -0.0057401683    267.65989 
 6789000 0.0057371555 -0.0057173082    269.60294 
 6790000 0.0057100173 -0.0056961464    276.94915 
 6791000 0.0057442909 -0.0057200605    269.50929 
 6792000 0.0055012893 -0.0055231464    264.63246 
 6793000 0.0056776099 -0.0056548156    269.79262 
 6794000 0.0058901825 -0.0058685165    267.92739 
 6795000 0.0058268794 -0.0058222464    270.80429 
 6796000 0.0057111699 -0.0057110904    272.55677 
 6797000 0.0057581666 -0.0057592997     271.5001 
 6798000 0.0059855449 -0.0059771859    270.49802 
 6799000 0.0056621514 -0.0056571934    268.54725 
 6800000 0.0057018243 -0.0056948162    271.09612 
 6801000 0.0058123101 -0.0058026271    269.58348 
 6802000 0.0058379341 -0.0058143091    273.32984 
 6803000 0.0059441238 -0.0058959581     272.9849 
 6804000 0.0059163846 -0.0059323532    274.74775 
 6805000 0.0057438826 -0.0057389444    267.64353 
 6806000 0.0058558606 -0.0058163127    271.71843 
 6807000 0.0059022406 -0.0058958742    273.43706 
 6808000 0.0058412148 -0.0058532532    267.41731 
 6809000   0.00576405 -0.0057671851    274.09977 
 6810000 0.0059433421 -0.0059399377    273.42133 
 6811000 0.0059109041 -0.005915802    274.85458 
 6812000 0.0059445355 -0.0059271824    267.81002 
 6813000 0.0059144088 -0.0059087656    265.92172 
 6814000  0.005793432 -0.0057976558    269.84135 
 6815000 0.0057953506 -0.0058153935    268.30257 
 6816000 0.0058379413 -0.0058252402    269.96547 
 6817000 0.0060311674 -0.0060178839     266.1278 
 6818000 0.0059237913 -0.0059427493    271.01541 
 6819000 0.0056733043 -0.0056417705    270.67723 
 6820000 0.0059394215 -0.0059265587     270.7047 
 6821000 0.0058391741 -0.0058464068    266.47749 
 6822000 0.0059565264 -0.0059222826    273.48885 
 6823000 0.0058866382 -0.0058638403    272.49591 
 6824000 0.0057891706 -0.0058291538    271.32004 
 6825000 0.0058422686 -0.0058674595    270.10747 
 6826000 0.0060463892 -0.0060520217    266.82765 
 6827000 0.0058133099 -0.0058395987    272.45971 
 6828000  0.005952926 -0.005938202    268.77677 
 6829000 0.0057493559 -0.0057437031    273.18101 
 6830000 0.0058896467 -0.0058769254    272.45611 
 6831000 0.0058494293 -0.0058527827    271.08918 
 6832000 0.0059972713 -0.0059717561    271.68307 
 6833000 0.0060893003 -0.0060577431    273.00664 
 6834000 0.0058554747  -0.00585665    272.52384 
 6835000 0.0056850444 -0.0056863045    267.18589 
 6836000 0.0058398703 -0.0058505527    273.13655 
 6837000 0.0059335685 -0.0059635911     269.6097 
 6838000 0.0060759566 -0.0060727703    265.65626 
 6839000 0.0059332967 -0.0059505353    268.56113 
 6840000 0.0059691793 -0.0059537409    271.97628 
 6841000 0.0060604941 -0.0060677085    275.97764 
 6842000 0.0058918744 -0.0059102845     272.6842 
 6843000 0.0059098632 -0.005929063    266.36646 
 6844000 0.0059689475 -0.0059745037    273.56069 
 6845000 0.0057137879 -0.0057236954     265.9125 
 6846000 0.0057705103 -0.0058343633    271.15522 
 6847000 0.0058777965 -0.0058950467    267.15244 
 6848000 0.0057215853 -0.0057137267    269.29296 
 6849000 0.0056612169 -0.0056704174    270.63017 
 6850000 0.0059014489 -0.0058559481    271.94048 
 6851000 0.0056978791 -0.005712544    273.69445 
 6852000 0.0059135591 -0.0058962624    274.06195 
 6853000 0.0057093291 -0.0057087081    274.97573 
 6854000 0.0058746647 -0.0058945296    273.09129 
 6855000 0.0057381513 -0.0057536788    271.82534 
 6856000 0.0056667878 -0.0056811561    269.50521 
 6857000 0.0056957949 -0.0057388565    269.20584 
 6858000 0.0058952157 -0.0058942585    269.81879 
 6859000 0.0057975858 -0.0058101971    268.44603 
 6860000 0.0056469713 -0.0056484803    271.04742 
 6861000  0.005569559 -0.0055917758    275.19761 
 6862000 0.0056358742 -0.0056467656    272.32841 
 6863000 0.0053875856 -0.0054008787    270.49365 
 6864000 0.0052866231 -0.0052719369    272.57508 
 6865000 0.0054447438 -0.0054435427    270.47284 
 6866000  0.005560735 -0.0055869581    269.94001 
 6867000 0.0054321652 -0.0054290762    272.64464 
 6868000 0.0055696852 -0.0055559833    271.18011 
 6869000 0.0055569272 -0.0055906278    274.64323 
 6870000 0.0054796379 -0.0054834304    264.64056 
 6871000 0.0055384687 -0.0055327596    272.30028 
 6872000 0.0054718275 -0.0054610024    266.72177 
 6873000 0.0054563935 -0.0054462421    270.08114 
 6874000 0.0056483647 -0.0056373613    271.14581 
 6875000 0.0055782924 -0.0055533658    271.38725 
 6876000 0.0055731173 -0.0055770297    269.17593 
 6877000 0.0056611801 -0.0056513714     270.7011 
 6878000  0.005527112 -0.0055312884    267.25652 
 6879000 0.0056780713 -0.0056670157    269.94242 
 6880000 0.0055160866 -0.0055125606    267.12941 
 6881000 0.0054902856 -0.0054835155    274.54933 
 6882000 0.0055413997 -0.0055078805    271.68602 
 6883000 0.0054231747 -0.0054030534    272.13759 
 6884000   0.00542138 -0.0054424579    274.65618 
 6885000 0.0055022723 -0.0055244265    266.85296 
 6886000 0.0054942126 -0.0055191724    271.52343 
 6887000 0.0054852274 -0.0054874749    266.60885 
 6888000 0.0054696377 -0.0055002924      270.161 
 6889000 0.0053846481 -0.0053912524    265.55951 
 6890000 0.0054061377 -0.0054227077    269.55926 
 6891000 0.0054538467 -0.005468575    271.72442 
 6892000 0.0054900133 -0.0055183979    273.42131 
 6893000 0.0054432497 -0.0054488355    268.77196 
 6894000 0.0056172845 -0.005658157     269.6116 
 6895000 0.0057148489 -0.0057148826    270.32121 
 6896000 0.0057192288 -0.0057014824    278.02653 
 6897000 0.0054543867 -0.0054202303     270.0711 
 6898000 0.0055695073 -0.0055596355    268.03086 
 6899000 0.0055479561 -0.0055392309    270.69625 
 6900000 0.0057405695 -0.0057241116    274.83175 
 6901000 0.0057287422 -0.0057257704    272.00689 
 6902000 0.0055817913 -0.0056117247    275.57951 
 6903000 0.0056712943 -0.0056987212    273.28277 
 6904000 0.0055339842 -0.0055457524    276.21886 
 6905000  0.005560158 -0.0055763476    269.80674 
 6906000 0.0057123939 -0.0056945247    273.73793 
 6907000 0.0056056979 -0.0056055471    271.75112 
 6908000 0.0055711496  -0.00556493     274.5289 
 6909000 0.0055358793 -0.0055474078    266.32901 
 6910000 0.0056222328 -0.0055883431    266.90465 
 6911000 0.0056662122 -0.0056643333    271.13785 
 6912000 0.0057836327 -0.0058048094    270.55075 
 6913000 0.0055133152 -0.0055135167    274.92732 
 6914000 0.0056597659 -0.0057194561    271.01013 
 6915000 0.0054585256 -0.0054499854    271.81257 
 6916000  0.005509486 -0.0054968376    275.20151 
 6917000 0.0056066154 -0.0056380492    270.91878 
 6918000 0.0056512828 -0.0056246875    273.05866 
 6919000 0.0057697092 -0.0058088471    267.63855 
 6920000 0.0059051788 -0.0059145394    264.96135 
 6921000 0.0058423452 -0.0058318449    274.21914 
 6922000 0.0056656244 -0.0056658929    273.88297 
 6923000 0.0056984929 -0.0057074434    272.82063 
 6924000 0.0057042434 -0.0057062036    271.57751 
 6925000 0.0058057188 -0.0058470408    267.60713 
 6926000 0.0056300518 -0.0056868833     273.5648 
 6927000 0.0058077194 -0.0058132972    266.45591 
 6928000 0.0058144261 -0.0058391196    267.57301 
 6929000 0.0056290139 -0.0056219087    270.57464 
 6930000 0.0058305202 -0.0058219325    271.45627 
 6931000 0.0057777585 -0.005780249    274.08732 
 6932000 0.0058857215 -0.0058962076    272.00197 
 6933000 0.0059110318 -0.0059324021    262.36369 
 6934000 0.0059605076 -0.0059797705    271.82294 
 6935000 0.0058362613 -0.0058598202    270.16983 
 6936000 0.0059203777 -0.0059295537    271.93672 
 6937000 0.0058468592 -0.005857369    270.62889 
 6938000 0.0058660677 -0.005878737    268.86927 
 6939000 0.0058503414 -0.0058731921    271.96092 
 6940000 0.0059543008  -0.00596191     266.8987 
 6941000 0.0057842922 -0.0057647435    272.81915 
 6942000  0.005512355 -0.005538498     270.1618 
 6943000 0.0055214345 -0.0055518271    272.68429 
 6944000 0.0054927456 -0.0054868187    264.81179 
 6945000 0.0055166288 -0.0055356129     274.1411 
 6946000 0.0055976576 -0.0056070168     275.5308 
 6947000 0.0056823497 -0.0056700738    273.18516 
 6948000 0.0057083637 -0.0056829777    272.85931 
 6949000 0.0056112176 -0.0056324041    272.42668 
 6950000 0.0056427298 -0.0056624475    269.80402 
 6951000 0.0055587146 -0.0055341422    271.55731 
 6952000 0.0056084694 -0.0055843334    267.18197 
 6953000 0.0055579512 -0.0055472747    274.21874 
 6954000 0.0057055067 -0.0056928105    274.73981 
 6955000 0.0056145202 -0.0056416755    272.49438 
 6956000 0.0056361796 -0.0056254774    271.81708 
 6957000 0.0057370279 -0.0057264494    271.81497 
 6958000 0.0056290638 -0.005620388    267.97418 
 6959000 0.0056523817 -0.0056456378    270.11823 
 6960000 0.0056100363 -0.0056535964    269.67054 
 6961000 0.0056255038 -0.005616034    266.66929 
 6962000 0.0056265945 -0.0055987534    270.58785 
 6963000 0.0055608322 -0.0055680098    271.78757 
 6964000  0.005608391 -0.0055986517    269.42998 
 6965000 0.0056513313 -0.0056633389    272.86274 
 6966000  0.005732514 -0.005755521    273.19953 
 6967000 0.0055620731 -0.005580571    268.05016 
 6968000 0.0057254882 -0.0057062252     271.5578 
 6969000 0.0058385579 -0.0058192825    266.08059 
 6970000 0.0055794999 -0.0055741369    272.53172 
 6971000 0.0057940644 -0.0057684477    270.54783 
 6972000 0.0057185892 -0.0056963486    268.75508 
 6973000 0.0057063917 -0.0057160161    269.36431 
 6974000 0.0057868227 -0.005754839    266.82734 
 6975000 0.0056338794 -0.0056246543     272.6037 
 6976000 0.0056424497 -0.0056248872    266.03214 
 6977000 0.0056912449 -0.0056534243    273.69159 
 6978000 0.0058358586 -0.0057870338    263.80446 
 6979000 0.0058974343 -0.0058726044    270.97986 
 6980000 0.0057392098 -0.0057250517    270.24555 
 6981000 0.0056378801 -0.0056502539     271.9018 
 6982000 0.0057262435 -0.0057139815    270.25041 
 6983000 0.0058164905 -0.0058142548    270.80339 
 6984000 0.0058446309 -0.0058458988    276.01559 
 6985000 0.0055401977 -0.0055589153    271.89696 
 6986000 0.0056420518 -0.0056225039    269.94802 
 6987000 0.0056841673 -0.0056529332     269.7775 
 6988000 0.0056152102 -0.005627792    274.10819 
 6989000 0.0057322929 -0.0056771545    268.35188 
 6990000 0.0057137604 -0.0056983174    271.51595 
 6991000 0.0057592601 -0.0057235677    272.50637 
 6992000 0.0057026346 -0.0056776863    271.77378 
 6993000 0.0054365025 -0.0054072401    270.48541 
 6994000 0.0056357258 -0.0056253371    263.12165 
 6995000 0.0055525997 -0.0055455334    273.58136 
 6996000 0.0057575755 -0.0057660163    268.44716 
 6997000 0.0056654793 -0.0056414926    275.20999 
 6998000 0.0057517652 -0.0057447149    272.44928 
 6999000 0.0055671223 -0.0055278756    261.38183 
 7000000 0.0055138435 -0.0054829979    272.30286 

