5000000            0            0    326.20043 
 5001000 0.0016982689 -0.0017557943    272.71081 
 5002000 0.0020447826 -0.0020935338    272.25056 
 5003000 0.0024403356 -0.0025009048      268.209 
 5004000 0.0027662274 -0.0027800809    271.04165 
 5005000 0.0029429402 -0.0029743802    271.52328 
 5006000 0.0032469506 -0.0032484702     270.2472 
 5007000 0.0034523603 -0.0034478733    263.66055 
 5008000 0.0037229629 -0.0037380602    265.06793 
 5009000 0.0037275744 -0.0037350547    269.45093 
 5010000 0.0039805597 -0.0040033536    272.66423 
 5011000 0.0039101355 -0.0039683288     270.8127 
 5012000 0.0041323556 -0.0041834848     268.7146 
 5013000 0.0042281034 -0.0042492797    273.07024 
 5014000 0.0043199587 -0.0043717273    270.97753 
 5015000 0.0045677876 -0.0045428101    264.72894 
 5016000 0.0046478902 -0.0046640004    271.52445 
 5017000 0.0047418211 -0.0047985944    274.76528 
 5018000 0.0046005853 -0.0046276517     273.4929 
 5019000 0.0048221841 -0.0048244265    265.13917 
 5020000 0.0049172798 -0.0049042588    271.91263 
 5021000 0.0050273873 -0.0050405523    269.63654 
 5022000 0.0055617209 -0.0055725896    267.59205 
 5023000 0.0052626616 -0.0053034643    271.94021 
 5024000 0.0054299581 -0.0054687052    272.52653 
 5025000 0.0055801476 -0.0056036555    276.12022 
 5026000 0.0058794723 -0.0058298612    273.76149 
 5027000 0.0059022336 -0.005860344    273.16875 
 5028000 0.0058431023 -0.0058290912    272.49122 
 5029000  0.005918622 -0.0058983643    270.57802 
 5030000 0.0059102194 -0.0058825479    269.61616 
 5031000  0.005813751 -0.0058085511    269.32997 
 5032000 0.0058347583 -0.0058441884    269.56756 
 5033000 0.0057395193 -0.005737225    273.21861 
 5034000   0.00593391 -0.0059313318    271.41896 
 5035000 0.0058963201 -0.0058694902    269.93706 
 5036000 0.0060102031 -0.0060521515    268.95921 
 5037000 0.0059295164 -0.0059457576     267.0246 
 5038000 0.0059284434 -0.0059160356     272.1007 
 5039000 0.0062709203 -0.006262517    271.56326 
 5040000 0.0061127767 -0.0060761059    273.58231 
 5041000 0.0062306061 -0.0062294956    275.31211 
 5042000 0.0064357205 -0.006437997    273.00547 
 5043000 0.0063089146 -0.0062935563    265.60353 
 5044000  0.006364068 -0.0063804533    270.78547 
 5045000 0.0062993825 -0.0063130794    272.16962 
 5046000 0.0063219873 -0.0063544185    270.50437 
 5047000 0.0064096863 -0.006441598    270.88761 
 5048000 0.0067673979 -0.0067961134    273.47236 
 5049000  0.006460093 -0.0064832033      264.958 
 5050000 0.0064554621 -0.0064646905    271.31981 
 5051000 0.0065319159 -0.0065288053    271.57678 
 5052000  0.006481804 -0.0064745449    270.64331 
 5053000 0.0064791078  -0.00645477    269.53256 
 5054000 0.0065039752  -0.00648741    275.19166 
 5055000 0.0065203684 -0.0065388309    272.59755 
 5056000 0.0065241049 -0.0065198586    265.35465 
 5057000 0.0065327306 -0.0065232342    268.39676 
 5058000 0.0064696179 -0.0064715847    271.81047 
 5059000 0.0065736805 -0.0066223523    273.68188 
 5060000 0.0064243787 -0.0064475417    270.59753 
 5061000 0.0067118428 -0.0067435797    274.09663 
 5062000 0.0068215864 -0.0068368314     271.1728 
 5063000 0.0067475979 -0.0067420376     267.5211 
 5064000 0.0066945465 -0.0067199148    269.83234 
 5065000 0.0065967161 -0.0065627954    271.53942 
 5066000 0.0069666417 -0.0069575709    277.99609 
 5067000 0.0067043822 -0.0067265296    278.04748 
 5068000 0.0068462611 -0.0068938402    268.29123 
 5069000 0.0070641962 -0.0070398049     270.3903 
 5070000 0.0069749537 -0.0069831266    269.65801 
 5071000 0.0068828769 -0.0068832893    272.04003 
 5072000 0.0068505082 -0.0068329985    271.24874 
 5073000 0.0068650143 -0.0068401664    271.45259 
 5074000 0.0069373454 -0.0069313246    268.13603 
 5075000 0.0069035572 -0.0068835702    272.66572 
 5076000 0.0069228947 -0.0069163128    273.14818 
 5077000 0.0069172081 -0.0068922693     270.5496 
 5078000 0.0069523178 -0.0069605711    268.14507 
 5079000 0.0069914085 -0.0070054365    271.58847 
 5080000 0.0070716237 -0.0070633695    271.87067 
 5081000   0.00708223 -0.0070710285    280.11583 
 5082000 0.0071256011 -0.007136125    266.74302 
 5083000 0.0070327812 -0.0070363919    267.26662 
 5084000 0.0071161971 -0.0071131476    269.50026 
 5085000  0.007186114 -0.0071831614    270.25891 
 5086000 0.0072133223 -0.007183253    271.79342 
 5087000 0.0071088772 -0.007131234    269.20839 
 5088000 0.0072035277 -0.0072208328    270.02385 
 5089000 0.0071677737  -0.00713964    264.26186 
 5090000 0.0069469594 -0.0069448798    273.74591 
 5091000  0.006836627 -0.006834747    270.83515 
 5092000 0.0068821198 -0.0068749644    271.35269 
 5093000 0.0069926847 -0.0069614538    270.63851 
 5094000 0.0068208402 -0.0068279527    269.13896 
 5095000 0.0067265808 -0.0067196747    271.73059 
 5096000  0.006903168 -0.0069133361    272.80655 
 5097000 0.0068529678 -0.0068736006    275.49865 
 5098000 0.0068553927 -0.0068275836    268.12229 
 5099000 0.0068493959 -0.0068254396    264.12813 
 5100000 0.0066938593 -0.0066742308    271.95312 
 5101000 0.0066666361 -0.0066624406    268.71779 
 5102000 0.0068330136 -0.0068108227    267.35918 
 5103000 0.0068315906 -0.0068402578     270.6182 
 5104000 0.0068511728 -0.0068481885    266.85028 
 5105000 0.0069077538 -0.0068768212    273.71402 
 5106000 0.0071149718 -0.0071359411    271.17873 
 5107000 0.0069892014 -0.0069668158     266.6511 
 5108000 0.0070041107 -0.0069537378    272.37492 
 5109000 0.0069160148 -0.0068889368    269.92567 
 5110000 0.0069632908 -0.0069669338    271.23303 
 5111000 0.0070732458 -0.007119138    273.87047 
 5112000 0.0071427602 -0.0071169697    271.73871 
 5113000 0.0072493666 -0.0072228681    267.96391 
 5114000 0.0070169389 -0.0070326508    270.50819 
 5115000 0.0073732155 -0.0073642434    273.07755 
 5116000 0.0071894858 -0.0071584034    267.86761 
 5117000 0.0070934496 -0.007066477    266.37459 
 5118000 0.0070031085 -0.0069628632    275.20526 
 5119000  0.006994184 -0.0069732057    267.60144 
 5120000 0.0072019711 -0.007189587    266.62207 
 5121000 0.0069835756 -0.0069818008    269.42783 
 5122000 0.0071131439 -0.0070883053    269.41766 
 5123000 0.0071304735 -0.007058199    273.82917 
 5124000 0.0071679829 -0.0071566661    270.13762 
 5125000 0.0071454145 -0.0071263521    272.19436 
 5126000 0.0072280347 -0.007217612    267.06134 
 5127000 0.0070070941 -0.0070058448    270.37719 
 5128000 0.0071273954 -0.0071452154    271.40115 
 5129000 0.0071133775 -0.0071343282    275.44656 
 5130000 0.0070750012 -0.0070636633    269.57073 
 5131000 0.0070538545 -0.007045862    273.05119 
 5132000 0.0071534768 -0.0071594581    265.94296 
 5133000 0.0074130053 -0.007409023    272.24215 
 5134000  0.007283067 -0.0072760178    272.29269 
 5135000  0.007305022 -0.0072686835    270.39393 
 5136000 0.0071169387 -0.0071193333    269.20563 
 5137000  0.007093525 -0.0071048809    266.84482 
 5138000 0.0070045757 -0.0069797822    273.99983 
 5139000 0.0070157125 -0.0070341002    271.51045 
 5140000 0.0072006947 -0.0071568352     270.1934 
 5141000 0.0070988405 -0.0071460807    268.07062 
 5142000 0.0071955539 -0.0071605268    271.54003 
 5143000 0.0069927911 -0.0069515482    272.79976 
 5144000 0.0071162293 -0.0070908708    271.83141 
 5145000 0.0069683502 -0.0069593844    269.44605 
 5146000  0.007071258 -0.0070618664    269.89107 
 5147000 0.0071647761 -0.0071615734    274.05804 
 5148000 0.0071786134 -0.0071494841       271.74 
 5149000 0.0072843118 -0.007289723    272.78909 
 5150000 0.0072371215 -0.0072275745    273.05596 
 5151000 0.0072829322 -0.0072579299    274.28895 
 5152000 0.0072951689 -0.0072192934    268.65878 
 5153000 0.0073836388 -0.0073285988    272.55522 
 5154000  0.007637594 -0.0075926494    267.29739 
 5155000 0.0073070231 -0.0072860972    271.77197 
 5156000 0.0072117035 -0.007216228    273.06336 
 5157000 0.0073772081 -0.0073687064    270.15933 
 5158000 0.0074478625 -0.0074223723    269.54055 
 5159000 0.0073287791 -0.0073182739    268.72374 
 5160000 0.0075061405 -0.0074581353    270.22752 
 5161000 0.0075043048 -0.0074866553    270.55379 
 5162000  0.007530166 -0.0075258699       274.25 
 5163000 0.0073391165 -0.0073266826    271.97369 
 5164000 0.0076106533 -0.0075961176    271.27666 
 5165000 0.0076858204 -0.0076740065    272.58171 
 5166000 0.0077336034 -0.0077170567    271.34224 
 5167000 0.0075697595 -0.0075447824    277.26114 
 5168000 0.0074810281 -0.0074593028     271.9916 
 5169000 0.0074347352 -0.0073923755    268.59953 
 5170000 0.0075268135 -0.0074716784    269.47634 
 5171000  0.007557911 -0.0075274168    270.95149 
 5172000 0.0075156793 -0.0074508006    273.42703 
 5173000 0.0075339195 -0.0075084239    269.49171 
 5174000  0.007562137 -0.0075493724    268.76804 
 5175000 0.0075591441 -0.0075478825    268.95374 
 5176000 0.0075615369 -0.0075821012      272.418 
 5177000  0.007448637 -0.007452991    271.59702 
 5178000 0.0076482562 -0.0076294738    269.63516 
 5179000 0.0074759563 -0.0074433145    277.48619 
 5180000 0.0075902681 -0.0075633782    269.93211 
 5181000 0.0073507223 -0.0073727155     270.5577 
 5182000 0.0075197542 -0.0075068114    270.13174 
 5183000 0.0074478766 -0.0073863292    275.28444 
 5184000 0.0072954263 -0.0072916554    271.81912 
 5185000 0.0074520428 -0.007454111    270.11089 
 5186000 0.0072639232 -0.0072743953    278.43682 
 5187000 0.0073544253 -0.0072875695    266.49041 
 5188000 0.0073106154 -0.0072501525    267.94866 
 5189000 0.0072842412 -0.0072655568    268.69598 
 5190000 0.0074600926 -0.0074409699    272.38201 
 5191000 0.0074426929 -0.0074426645    264.56844 
 5192000 0.0073554527 -0.0073408699    266.75896 
 5193000 0.0072928593 -0.0073041944    271.69149 
 5194000 0.0072397025 -0.0072241967     270.8145 
 5195000 0.0073138099 -0.0072740202    270.24577 
 5196000 0.0071541155 -0.0071399839    270.17495 
 5197000 0.0071723193 -0.0071659397    268.11778 
 5198000 0.0072100944 -0.0071684624    270.17158 
 5199000 0.0071026584 -0.007027288    271.78327 
 5200000 0.0071557716 -0.0070929954    272.63803 
 5201000 0.0074482826 -0.0073911443    268.80961 
 5202000 0.0075283275 -0.0075120083    275.78535 
 5203000 0.0074991029 -0.0074712331    272.59283 
 5204000 0.0073341021 -0.0072932622    272.50308 
 5205000 0.0070066071 -0.0069968899    271.14153 
 5206000 0.0073035982 -0.0072759767    271.27989 
 5207000 0.0073112897 -0.0072928126     266.1954 
 5208000 0.0073303414 -0.0073225577    271.20617 
 5209000 0.0075551573 -0.0075353749    271.23418 
 5210000  0.007480701 -0.0074422379    262.62308 
 5211000 0.0074701102 -0.0074538808    269.30165 
 5212000 0.0075038922 -0.0074934582    269.80589 
 5213000 0.0073122468 -0.0073016103    268.08221 
 5214000  0.007220673 -0.0071967536    268.55878 
 5215000 0.0072162353 -0.0071853817    273.43126 
 5216000 0.0072233323 -0.0072312633    272.11654 
 5217000 0.0073872004 -0.0073474453    271.90826 
 5218000 0.0073871901 -0.0073292461     269.9184 
 5219000 0.0071280088 -0.0070926961    266.86516 
 5220000 0.0070947576 -0.0070984006    269.69497 
 5221000 0.0072444404 -0.0072121321     275.1453 
 5222000 0.0074146195 -0.0074084764    272.25921 
 5223000 0.0073571765 -0.0073424175    273.92024 
 5224000 0.0073439516 -0.0073205312    269.20635 
 5225000  0.007634803 -0.0075996701    268.90797 
 5226000 0.0075409723 -0.0075014333    273.63593 
 5227000 0.0076627202 -0.0076271204     265.7342 
 5228000 0.0075159828 -0.0074791443    271.10076 
 5229000 0.0076559057 -0.007643393    268.25552 
 5230000 0.0076626041 -0.0076351817    276.11768 
 5231000 0.0072847771 -0.0072161689     275.5837 
 5232000 0.0076148685 -0.0075384403    271.78482 
 5233000 0.0074512962 -0.0074285778     270.1436 
 5234000 0.0075524959 -0.0075463809    270.90109 
 5235000 0.0074913123 -0.0074602761     269.7316 
 5236000 0.0072871903 -0.0072513966    267.71799 
 5237000 0.0073575047 -0.0073242831    274.59001 
 5238000 0.0073060074 -0.0072848188    272.69869 
 5239000 0.0073182325 -0.0072940358     270.8532 
 5240000 0.0073887113 -0.0073695749    270.23221 
 5241000 0.0075647062 -0.0074989552    270.47535 
 5242000 0.0073647054 -0.0073548761    270.51186 
 5243000 0.0072701377 -0.0072587221    273.86119 
 5244000 0.0073088383 -0.0072968859    269.75905 
 5245000 0.0073524613 -0.0073634886    274.39211 
 5246000 0.0072441217 -0.0072447961    272.71615 
 5247000 0.0073486546 -0.0073136176    277.57607 
 5248000 0.0073525187 -0.0073317272    270.42518 
 5249000 0.0074715074 -0.0074635931    269.20571 
 5250000 0.0075212714 -0.0075080275     275.0932 
 5251000 0.0076009107 -0.0075647026    270.55403 
 5252000  0.007481154 -0.0074459911    273.84271 
 5253000 0.0074754385 -0.0074494277    272.30175 
 5254000 0.0076193884 -0.0075968502    270.44317 
 5255000 0.0076809259 -0.0076634259    274.71189 
 5256000 0.0078210201 -0.007802329    271.45315 
 5257000  0.007620866 -0.0075989288    272.69166 
 5258000 0.0076417849 -0.0076479092    274.77846 
 5259000 0.0075811051 -0.0075591392    265.35492 
 5260000 0.0076859087 -0.0076628563    273.74932 
 5261000 0.0074039952 -0.0073820194    273.05249 
 5262000 0.0073915895 -0.007382311     273.9185 
 5263000 0.0075596416 -0.0075609794    268.40935 
 5264000 0.0074046675 -0.0074061004    268.95235 
 5265000 0.0074855011 -0.0074561557    271.06063 
 5266000 0.0074711033 -0.0074257305     272.9701 
 5267000 0.0075083284 -0.0074506525    270.03021 
 5268000  0.007504307 -0.007470198    273.77807 
 5269000 0.0076308345 -0.0076220129    270.17399 
 5270000 0.0075483541 -0.0075287364    272.24933 
 5271000 0.0075201815 -0.0074944796    272.45415 
 5272000 0.0074448944 -0.0074263405    270.78905 
 5273000 0.0074236664 -0.0074333194    267.15674 
 5274000 0.0075176079 -0.0075061117     269.9013 
 5275000 0.0073700736 -0.0073785155    271.55227 
 5276000 0.0075065011 -0.0074975773    268.85028 
 5277000 0.0072479388 -0.0072359724    270.40871 
 5278000 0.0072691317 -0.0072824805    267.39561 
 5279000 0.0074085718 -0.0073818015    273.08245 
 5280000 0.0073549988 -0.0073861227    275.24846 
 5281000 0.0074648303 -0.0074609831     272.9725 
 5282000 0.0075091476 -0.0074958698    267.83168 
 5283000 0.0074181854 -0.0074150361    270.13287 
 5284000 0.0074991461 -0.0074847275    270.12019 
 5285000 0.0074523299 -0.0074226151    269.27123 
 5286000 0.0073913214 -0.0073776112    274.93641 
 5287000 0.0073536935 -0.0073377925    271.84955 
 5288000 0.0073605258 -0.0073383604    272.88633 
 5289000 0.0073684738 -0.0073549909    274.54153 
 5290000 0.0071745219 -0.0071435327    272.73798 
 5291000 0.0074260447 -0.0074210171     272.1873 
 5292000 0.0073160853 -0.0072830304    268.98606 
 5293000 0.0074822366 -0.0074481966    269.71669 
 5294000 0.0072397643 -0.0072007964    276.72957 
 5295000 0.0071832078 -0.007172588    270.62636 
 5296000 0.0073190329 -0.0072799549    273.43927 
 5297000 0.0072493327 -0.0072648099    271.04877 
 5298000 0.0073762113 -0.0073531964    266.90152 
 5299000 0.0072402344 -0.0071821828    268.11801 
 5300000  0.007105722 -0.0070865067    269.69376 
 5301000 0.0072532262 -0.0072489554    272.38118 
 5302000 0.0072824627 -0.0072859302    268.02238 
 5303000 0.0072244555 -0.0072296234    268.31851 
 5304000 0.0073764175 -0.0073688506    268.71137 
 5305000 0.0074128956 -0.0074112685    270.19672 
 5306000 0.0075232422 -0.0074978005    276.03983 
 5307000 0.0073411274 -0.0073257338    275.37901 
 5308000 0.0074844489 -0.0074416615    266.84996 
 5309000 0.0073239228 -0.0072954819    270.98314 
 5310000 0.0073541829 -0.0073168958    271.95827 
 5311000  0.007292779 -0.0072518175    272.06559 
 5312000 0.0074818045 -0.0074541792    277.92774 
 5313000  0.007519806 -0.0074859273     274.3215 
 5314000 0.0074232251 -0.0073900664    264.86419 
 5315000 0.0074307568 -0.0074658006    274.10748 
 5316000 0.0072734648 -0.0072686585    272.58871 
 5317000 0.0071717637 -0.0071583951    267.69946 
 5318000 0.0072569346 -0.0071991885    274.58303 
 5319000 0.0073141586 -0.0073146464    274.35416 
 5320000 0.0074668466 -0.0074065669    274.16415 
 5321000 0.0075025496 -0.007461511    270.91943 
 5322000 0.0074948499 -0.0074439529     268.9121 
 5323000  0.007379671 -0.0073535852     272.8226 
 5324000 0.0075597246 -0.0074981726    267.69448 
 5325000 0.0075262403 -0.007463622    273.67159 
 5326000 0.0073669512 -0.0073651913    269.58794 
 5327000 0.0074117758 -0.0073810637    274.68547 
 5328000 0.0072825289 -0.0072571396    272.64319 
 5329000 0.0074411779 -0.0074281095    268.73512 
 5330000 0.0072762253 -0.0072852288    274.53858 
 5331000 0.0074281111 -0.0074172251    275.58039 
 5332000 0.0074767817 -0.0074390835    272.34265 
 5333000 0.0074318596 -0.0074102555    267.61143 
 5334000 0.0074383586 -0.0073934209    269.44839 
 5335000 0.0074445629 -0.0073985085    272.23241 
 5336000 0.0071910959 -0.0071639156    274.70752 
 5337000 0.0074275991 -0.0073966749    268.99098 
 5338000 0.0073721351 -0.0073371075    271.53871 
 5339000 0.0071431289 -0.007117664    271.20905 
 5340000 0.0070391499 -0.0070300553    267.01558 
 5341000 0.0072365675 -0.0072362863    270.23753 
 5342000 0.0073960263 -0.0073780133    276.59271 
 5343000 0.0072657906 -0.0072585148    273.21431 
 5344000 0.0072002156 -0.0071957601    272.72687 
 5345000  0.007106303 -0.0071165808    273.13595 
 5346000 0.0071122241 -0.0071131326    270.15319 
 5347000 0.0069160203 -0.006932692    266.42452 
 5348000 0.0067893865 -0.0068159397    268.21685 
 5349000 0.0071608829 -0.0071652411    273.46638 
 5350000 0.0072412416 -0.007211452    267.54562 
 5351000 0.0070835334 -0.0070719461    272.27959 
 5352000 0.0070482764 -0.0070435228    273.69745 
 5353000 0.0070706572 -0.0070395408    272.77862 
 5354000 0.0070588166 -0.007045426    273.11283 
 5355000  0.007176133 -0.0071982787    271.55757 
 5356000 0.0068225864 -0.0068344609     268.8025 
 5357000 0.0069488488 -0.0069446772    273.04319 
 5358000 0.0072575498 -0.0072408697    271.35606 
 5359000 0.0070399705 -0.0070443918    273.64885 
 5360000 0.0070834854 -0.0070861533    270.81874 
 5361000  0.007071046 -0.0070575487    270.66532 
 5362000 0.0072003096 -0.0071674269    271.08456 
 5363000 0.0072145509 -0.0072195572    270.78074 
 5364000 0.0072944408 -0.007289356    271.39574 
 5365000 0.0072327065 -0.0072432673    268.51704 
 5366000 0.0072330154 -0.007208292    272.13766 
 5367000  0.007205043 -0.0071868441     274.5475 
 5368000 0.0076331845 -0.0075845161    268.80381 
 5369000 0.0077007173 -0.0077081794    272.15104 
 5370000 0.0075129649 -0.0074702473     269.9496 
 5371000 0.0077641176 -0.0077430807    270.53965 
 5372000 0.0076998836 -0.0076731444    266.99009 
 5373000 0.0076964645 -0.0076496436    273.89323 
 5374000  0.007551575 -0.0075194679    270.00607 
 5375000 0.0075501293 -0.007512253    272.49968 
 5376000 0.0072979602 -0.007324572    266.90952 
 5377000 0.0075101951 -0.0074820475    269.11887 
 5378000 0.0074996715 -0.0074848684     266.5803 
 5379000 0.0076280317 -0.0076142538    271.06174 
 5380000 0.0073443714 -0.0073399835    270.83194 
 5381000 0.0076166459 -0.0076256763    270.01392 
 5382000 0.0075200824 -0.0075036542    268.79434 
 5383000 0.0074782299 -0.0074386249    267.10637 
 5384000 0.0075678706 -0.0075612583     274.6247 
 5385000 0.0073701474 -0.007365178    268.20755 
 5386000 0.0075016803 -0.0074965803    276.21508 
 5387000   0.00741359 -0.0074352476    271.29328 
 5388000 0.0072778789 -0.0072605115    273.05516 
 5389000 0.0075036245 -0.0074376038     272.1848 
 5390000 0.0075487504 -0.0075182986     269.6846 
 5391000 0.0072356692 -0.0071566211    275.56877 
 5392000 0.0075351019 -0.007481942    271.35741 
 5393000 0.0074619488 -0.0074049229    274.14943 
 5394000 0.0074748515 -0.007474666    270.64033 
 5395000 0.0074019006 -0.0073644195    271.68183 
 5396000 0.0076527219 -0.0076336452    272.93037 
 5397000 0.0075464986 -0.0075295844    270.49708 
 5398000 0.0074688965 -0.0074582157    271.49288 
 5399000 0.0073858624 -0.0073790349    269.51088 
 5400000 0.0076302356 -0.0076006923    270.72081 
 5401000 0.0075432404 -0.0075083013    272.51813 
 5402000 0.0075083067 -0.0074698534    269.67158 
 5403000 0.0074868496 -0.0074671299    270.63306 
 5404000  0.007613988 -0.0075740463    269.07065 
 5405000 0.0074863771 -0.0074368401     272.1481 
 5406000  0.007796558 -0.0077331021    266.18651 
 5407000 0.0077216552 -0.0076960291    271.26183 
 5408000 0.0078708867 -0.0078297634    265.96838 
 5409000  0.007632708 -0.0076248792     274.0532 
 5410000 0.0074337041 -0.0074195998    274.63593 
 5411000 0.0074446604 -0.0074563508    271.26002 
 5412000 0.0076576869 -0.0076490399     267.9697 
 5413000 0.0074232621 -0.0074217867    271.72803 
 5414000 0.0075758543 -0.007522964    271.44678 
 5415000 0.0074109061 -0.0073917917    267.61007 
 5416000 0.0076338109 -0.0076075987    269.55166 
 5417000 0.0076898816 -0.0076995319    269.07924 
 5418000 0.0076595778 -0.0076029125    269.86961 
 5419000 0.0074576118 -0.007410869    269.61135 
 5420000 0.0075570644 -0.0075323578    272.89052 
 5421000  0.007531724 -0.0074789064    269.75394 
 5422000 0.0077640481 -0.0077366812    269.75565 
 5423000 0.0078306924  -0.00777588    275.80957 
 5424000 0.0076924801 -0.0076630452    272.30408 
 5425000 0.0076551235 -0.0076483093    270.54665 
 5426000 0.0076131546 -0.0076233649    266.43883 
 5427000 0.0077584882 -0.0077436271    272.08718 
 5428000 0.0077650741 -0.0077864048    271.28282 
 5429000 0.0079268905 -0.0079317047    274.81352 
 5430000 0.0076894474 -0.007694548    269.74628 
 5431000 0.0076272316 -0.0076170319     270.0922 
 5432000 0.0075758152 -0.0075915616    275.23303 
 5433000 0.0076371781  -0.00764634    273.44693 
 5434000 0.0076220953 -0.0076219041    274.97735 
 5435000 0.0076954266 -0.0077090147    272.29777 
 5436000 0.0076469327 -0.0076540528    270.39146 
 5437000  0.007561426 -0.0075587717    268.09796 
 5438000 0.0076672027 -0.0076734826    274.00499 
 5439000 0.0077472393 -0.0076994339    268.96151 
 5440000 0.0076697913 -0.0076776207    269.03593 
 5441000 0.0078385012 -0.0078251672    270.45537 
 5442000 0.0077685064 -0.0077377339    271.31138 
 5443000 0.0077655022 -0.007751939    272.22925 
 5444000 0.0076816311 -0.0076976555    267.76158 
 5445000 0.0076564221 -0.0076491502    268.99966 
 5446000 0.0078160947 -0.007792079    271.04377 
 5447000 0.0076545664 -0.0076803414    268.76561 
 5448000 0.0078388127 -0.0078089764    270.46617 
 5449000 0.0076783311 -0.0076679277    273.09411 
 5450000 0.0075849885 -0.0075727149    278.20351 
 5451000 0.0075861674 -0.0075667617      271.817 
 5452000 0.0076551603 -0.0076253807    267.96421 
 5453000 0.0075836283 -0.0075772482    270.67672 
 5454000 0.0077024294 -0.007661386    271.59049 
 5455000 0.0076921574 -0.0076616535    273.97167 
 5456000  0.007589957 -0.0075266582    273.53159 
 5457000 0.0077039939 -0.0076777134    271.73709 
 5458000  0.007531917 -0.0075083869    271.68198 
 5459000 0.0075286568 -0.0075251338    269.32521 
 5460000 0.0077552678 -0.0077360531    270.49119 
 5461000 0.0078159348 -0.0078098884    273.13688 
 5462000 0.0076138464 -0.0075836906    269.56889 
 5463000 0.0076097616 -0.0076010623    273.21524 
 5464000 0.0076309851 -0.0075993253    275.12797 
 5465000 0.0076797434 -0.0076525198    271.50546 
 5466000 0.0076177288 -0.0076033796    271.76457 
 5467000 0.0076427219 -0.0076447803    275.72645 
 5468000 0.0075748434 -0.007585525    272.46746 
 5469000   0.00734025 -0.0073053159    270.71476 
 5470000  0.007370583  -0.00735433    273.14246 
 5471000 0.0076768725 -0.0076325669     272.2952 
 5472000 0.0075071784 -0.0074931368    271.81754 
 5473000 0.0075599671 -0.0075660758    270.57383 
 5474000 0.0075487945 -0.0074881607    270.11856 
 5475000 0.0073251237 -0.0073332858      270.511 
 5476000 0.0074876154 -0.0074706081    274.90216 
 5477000 0.0075044709 -0.0074507608    271.71592 
 5478000 0.0074933144 -0.0074662393    270.59737 
 5479000 0.0074566687 -0.007426645     266.8346 
 5480000 0.0074859198 -0.007436644    271.72206 
 5481000 0.0075857902 -0.0075398068    272.78104 
 5482000 0.0076126962 -0.0075360374    273.36128 
 5483000   0.00770847 -0.0076649429    265.29559 
 5484000 0.0077100873 -0.0076549078    270.67246 
 5485000 0.0075146962 -0.0074526363    271.42266 
 5486000 0.0074478979 -0.0074005883     273.1562 
 5487000 0.0074040182 -0.007367347    274.33224 
 5488000 0.0074394371 -0.0073835515    272.31518 
 5489000 0.0072751353 -0.007224412    275.06738 
 5490000 0.0071141016 -0.0070653281    271.09768 
 5491000 0.0072100666 -0.0071712075    271.82343 
 5492000 0.0071430095 -0.007121117    271.20692 
 5493000 0.0071541762 -0.0071429767    274.91513 
 5494000 0.0070540967 -0.0070398885    269.76907 
 5495000 0.0073180602 -0.0072553168    269.97823 
 5496000  0.007185239 -0.0071855958    268.07463 
 5497000 0.0072771749 -0.0072525722    271.39972 
 5498000 0.0073504501 -0.0072873005    267.10503 
 5499000 0.0073884979 -0.0073220723    266.97719 
 5500000 0.0071810794 -0.007159764    270.04081 
 5501000 0.0073274013 -0.0073079084    267.39363 
 5502000 0.0073598236 -0.0073358894    271.72397 
 5503000 0.0074168447 -0.0073983129    270.90201 
 5504000 0.0072425167 -0.0071798165    272.81882 
 5505000 0.0073868456 -0.0073380922    269.80745 
 5506000 0.0072031218 -0.0071720058     275.4769 
 5507000 0.0073686766 -0.0073504632    270.39766 
 5508000 0.0072758317 -0.0072253988    269.68784 
 5509000 0.0074075539 -0.007410561     263.7457 
 5510000 0.0072970331 -0.0072845735    268.44737 
 5511000 0.0074827578 -0.0074440426    267.25316 
 5512000 0.0073802496 -0.0073577337    270.18076 
 5513000 0.0074262311 -0.007468443    274.76975 
 5514000 0.0076115859 -0.0075881753    268.90955 
 5515000 0.0075262013 -0.007518404    269.53199 
 5516000 0.0073824305 -0.0073718168    273.82479 
 5517000 0.0074456757 -0.0074167025    272.35504 
 5518000 0.0073709039 -0.007361387    273.78962 
 5519000 0.0076823441 -0.0076263931    275.82485 
 5520000 0.0075987411 -0.0075946876     271.5452 
 5521000 0.0076694309 -0.0076457712    270.73707 
 5522000 0.0075149458 -0.0074986755    273.59646 
 5523000  0.007486279 -0.007490817    267.77883 
 5524000 0.0075595832 -0.0075741234     272.9465 
 5525000 0.0075212309 -0.0075088305    267.36992 
 5526000 0.0075632919 -0.0075295966    269.79141 
 5527000 0.0075571998 -0.0075619681    275.64896 
 5528000 0.0074926463 -0.007494381    271.89824 
 5529000 0.0074757632 -0.0074809513    268.38662 
 5530000 0.0075940373 -0.0075657315    269.90067 
 5531000 0.0073336707 -0.0072811604    273.41744 
 5532000 0.0076018173 -0.0075622209    268.77467 
 5533000 0.0075098845 -0.0074515207    270.11858 
 5534000 0.0074781669 -0.0074711703    269.33356 
 5535000 0.0074756866 -0.0074906084    272.53225 
 5536000 0.0074304653 -0.0073947346    268.64991 
 5537000 0.0074489079 -0.0074221735    266.04422 
 5538000 0.0075475328 -0.0075306279    275.22038 
 5539000  0.007397553 -0.0073768794    271.23445 
 5540000 0.0074787234 -0.0074480612    268.91349 
 5541000 0.0074675567 -0.0074751486    271.73448 
 5542000 0.0073451825 -0.0073562746    272.53855 
 5543000 0.0074841802 -0.0074916949    272.71956 
 5544000 0.0074871451 -0.0074694857    273.38116 
 5545000 0.0074529321 -0.0074121822    268.72868 
 5546000 0.0072560598 -0.0072532229    267.73359 
 5547000 0.0073427993 -0.0072935459    269.95073 
 5548000 0.0073949102 -0.0073936778    272.46497 
 5549000 0.0075447217 -0.0075006003    270.61991 
 5550000 0.0072473628 -0.0072288298    272.52158 
 5551000  0.007333928 -0.0073140023     266.8741 
 5552000 0.0073800232 -0.0073787279    265.36993 
 5553000 0.0075528707 -0.0075456282    270.78416 
 5554000 0.0073922063 -0.0073615644     275.6451 
 5555000 0.0073824577 -0.0073824482    275.90723 
 5556000 0.0074188526 -0.0074321449     269.7578 
 5557000 0.0074120784 -0.0074164507    270.06265 
 5558000  0.007549792 -0.0075167092     266.0546 
 5559000 0.0074857725 -0.0074683292    267.34634 
 5560000 0.0074671785 -0.0074432892    272.95731 
 5561000 0.0075178942 -0.0074964229    270.15404 
 5562000 0.0076406591 -0.0076293562    270.20922 
 5563000 0.0074984367 -0.0074817111    275.58101 
 5564000 0.0074296288 -0.0074305462    266.90079 
 5565000 0.0073621323 -0.0073363874    272.02214 
 5566000 0.0075270746 -0.0074979894    268.20326 
 5567000 0.0076729677 -0.0076794358    275.92987 
 5568000 0.0073789463 -0.0073690367    272.00242 
 5569000  0.007554216 -0.0075314413    267.46247 
 5570000 0.0073120929 -0.0072757527    279.85922 
 5571000 0.0073790879 -0.007326859    271.07325 
 5572000 0.0073518381 -0.0073717008    270.45598 
 5573000 0.0074431235 -0.007435015    272.46553 
 5574000  0.007385643 -0.0073718313    268.69794 
 5575000 0.0072933761 -0.0072396353    270.63584 
 5576000 0.0071599473 -0.0071147812    271.58265 
 5577000 0.0072883093 -0.0072730687    266.21589 
 5578000 0.0072415899 -0.007205375    272.05964 
 5579000 0.0071080068 -0.0070815269    270.85141 
 5580000 0.0072971609 -0.0072492841    265.83707 
 5581000 0.0076475714 -0.0075821735    274.10208 
 5582000 0.0074964566 -0.0074478713    268.28324 
 5583000 0.0073414436 -0.0073070195    271.62773 
 5584000 0.0072026999 -0.0072164476    272.05037 
 5585000 0.0074092855 -0.0073734429    264.32222 
 5586000 0.0073421849 -0.0073361803     266.7296 
 5587000 0.0074703447 -0.0074798471    275.43204 
 5588000 0.0074221238 -0.0074127591    270.59298 
 5589000 0.0076145704 -0.0075585082    268.53566 
 5590000 0.0073738706 -0.0073739085    267.45939 
 5591000 0.0075428674 -0.0074938062    270.69003 
 5592000 0.0073989566 -0.0073473368    270.27978 
 5593000 0.0074234863 -0.0074074258     267.7425 
 5594000  0.007329957 -0.0072924116    266.79807 
 5595000 0.0072257365 -0.0072216827    270.01459 
 5596000 0.0073005319 -0.0073011869    269.34156 
 5597000 0.0074022319 -0.0073802371    274.19071 
 5598000 0.0071149013 -0.0070669395     271.4002 
 5599000 0.0071543375 -0.0071449708    271.87306 
 5600000 0.0069763021 -0.0069337515    269.96626 
 5601000  0.007186191 -0.0071700153    267.75694 
 5602000 0.0071581373 -0.0071004795    267.01728 
 5603000 0.0071205938 -0.0070977432    269.67959 
 5604000 0.0071564504 -0.0071746925    271.49919 
 5605000  0.006991428 -0.0069723792    268.08232 
 5606000 0.0070332198 -0.0070037906    271.73674 
 5607000 0.0071740843 -0.0071607668    272.95775 
 5608000 0.0070539168 -0.0070348043    269.82158 
 5609000 0.0073174884 -0.0072669276    270.15863 
 5610000 0.0074833784 -0.0074673697    269.27868 
 5611000 0.0072993095 -0.0072871962    271.92878 
 5612000 0.0073646606 -0.0073735013    268.10911 
 5613000  0.007377263 -0.0073702956    268.74549 
 5614000 0.0074153325 -0.0073929042    272.60059 
 5615000 0.0073536174 -0.007367857    268.26826 
 5616000 0.0070705025 -0.0070844283    269.94205 
 5617000 0.0071125859 -0.007127233    268.83251 
 5618000 0.0070929527 -0.0070780377    269.94843 
 5619000 0.0071524341 -0.0071334257    269.77201 
 5620000 0.0071154616 -0.0071400249    273.76449 
 5621000 0.0072915191 -0.0072970545    271.31078 
 5622000 0.0073136549 -0.0072854059    272.42456 
 5623000 0.0073112067 -0.0073188817    267.69493 
 5624000 0.0074977467 -0.0074796946    271.95714 
 5625000 0.0075369476 -0.0075304577    274.05707 
 5626000 0.0075296548 -0.0075137593     275.1461 
 5627000 0.0074996055 -0.0074868485    269.90295 
 5628000 0.0075438795 -0.0075468629    272.89816 
 5629000 0.0074808658 -0.0074318309    270.05212 
 5630000    0.0074185 -0.0073791662    267.28072 
 5631000 0.0075412734 -0.0075459962    271.71669 
 5632000 0.0074954352 -0.0074694109    267.10208 
 5633000 0.0076634727 -0.0076517168    270.77187 
 5634000 0.0075836543 -0.007539231    271.34223 
 5635000  0.007564041 -0.007531529    273.94024 
 5636000 0.0074916146 -0.0074703303    273.75534 
 5637000 0.0073864638 -0.0073797814    264.02483 
 5638000 0.0075138957 -0.0074964197    268.56562 
 5639000 0.0075450842 -0.0075252112    274.75485 
 5640000 0.0076035056 -0.0075819531    270.20384 
 5641000 0.0074763759 -0.007434448    270.66121 
 5642000 0.0073672279 -0.0073568933    265.61125 
 5643000 0.0074778679 -0.0074557033    272.56945 
 5644000 0.0074652788 -0.0074425578    272.84459 
 5645000  0.007403583 -0.0074107069    272.72856 
 5646000 0.0075005592 -0.0074791948    266.89156 
 5647000 0.0075521668 -0.0075223879    266.61724 
 5648000 0.0072448849 -0.0072114701    279.70544 
 5649000 0.0072132418 -0.0072091931    270.23052 
 5650000 0.0074811219 -0.0074340321     274.5975 
 5651000 0.0072533642 -0.0072458816    271.64687 
 5652000 0.0073169585 -0.0072640581    269.43212 
 5653000 0.0072885704 -0.0072586732    274.17347 
 5654000 0.0075887719 -0.0075590663    273.43789 
 5655000 0.0073796909 -0.0073396917    270.76446 
 5656000 0.0074039864 -0.0073977694    275.06045 
 5657000 0.0073936935 -0.0073967245    274.20349 
 5658000 0.0072973003 -0.0073560815    266.24764 
 5659000  0.007252513 -0.0072444803    272.39682 
 5660000   0.00747593 -0.0074349916    271.43693 
 5661000 0.0071603513 -0.0071772735    269.69581 
 5662000 0.0074291223 -0.0074341027    266.83087 
 5663000 0.0072929247 -0.0072824257    276.07846 
 5664000 0.0072816676 -0.0072775004    275.05485 
 5665000 0.0072777134 -0.0072445956    269.97103 
 5666000 0.0073135068 -0.0073094269    268.96622 
 5667000 0.0072696857 -0.0072514944    269.30357 
 5668000  0.007638115 -0.0076330096    269.58472 
 5669000 0.0074145046 -0.0074408404    269.02421 
 5670000 0.0075219876 -0.0075099938    267.02553 
 5671000  0.007297844   -0.0073244    265.74988 
 5672000  0.007477211 -0.0074723693    271.79971 
 5673000 0.0072955315 -0.007291852     271.7558 
 5674000 0.0074430279 -0.0073987011     276.1757 
 5675000 0.0074445142 -0.0074345164    270.26022 
 5676000 0.0074895245 -0.0074864002    270.15973 
 5677000 0.0075493153 -0.0075301457    269.04589 
 5678000 0.0073281498 -0.0073099801     267.3066 
 5679000 0.0074561646 -0.0074383627    273.45458 
 5680000 0.0074690572 -0.0074489683    273.63186 
 5681000 0.0073647601 -0.0073625022    267.94364 
 5682000 0.0074946165 -0.0074833099    269.76138 
 5683000 0.0075725919 -0.0075802073    274.47969 
 5684000 0.0074950824 -0.0075036318    270.50841 
 5685000 0.0072750348 -0.0072610615    268.71755 
 5686000 0.0073209591 -0.007355324    266.85217 
 5687000 0.0074297579 -0.0074381985    271.87881 
 5688000  0.007332452 -0.0073367913    267.58529 
 5689000 0.0076386059 -0.0076331116    273.66009 
 5690000 0.0074321695 -0.007415743    266.81394 
 5691000 0.0076325079 -0.0075684068    269.58898 
 5692000 0.0075399368 -0.0075262943    270.92508 
 5693000  0.007420894 -0.0074157728    273.33708 
 5694000 0.0076072111 -0.0076061638     271.8169 
 5695000 0.0074986138 -0.0074594158    267.66575 
 5696000 0.0076516033 -0.0076472077    269.51389 
 5697000 0.0075970254 -0.0075852399    273.83347 
 5698000 0.0077256526 -0.0077256277    270.10029 
 5699000 0.0076340445 -0.0076287126    270.76082 
 5700000 0.0075132646 -0.007541608    269.54021 
 5701000 0.0075153186 -0.0074635253    269.75602 
 5702000 0.0075010516 -0.0074900212    273.28036 
 5703000 0.0074717678 -0.0074656951    269.55125 
 5704000 0.0076469309 -0.0076092336    270.69042 
 5705000 0.0076055344 -0.0076069953    271.84494 
 5706000 0.0078505977 -0.0078352656    268.40447 
 5707000 0.0077563135 -0.0077530994    273.45875 
 5708000 0.0077438938 -0.0077413727    270.47859 
 5709000 0.0075670023 -0.0075329254    271.50663 
 5710000 0.0076474233 -0.0076143933    270.59199 
 5711000 0.0077216381 -0.0076861837    270.43491 
 5712000 0.0075307051 -0.0075187626    273.13547 
 5713000 0.0076208765 -0.0076133846    267.97915 
 5714000 0.0075849956 -0.0075671888    270.88486 
 5715000 0.0074403542 -0.0074336487    273.55038 
 5716000 0.0074362057 -0.0074174611    270.39959 
 5717000 0.0075800063 -0.0075710687    272.95013 
 5718000 0.0076501096 -0.007660655    266.87216 
 5719000 0.0077624748 -0.0077195125    272.60252 
 5720000 0.0075691495 -0.0075772617    268.03135 
 5721000 0.0075719613 -0.0075788541    275.57117 
 5722000 0.0079768535 -0.007986309    269.94253 
 5723000 0.0077877051 -0.0077718696    269.51584 
 5724000 0.0078141367 -0.0077790368    272.68869 
 5725000 0.0077363298 -0.0077829863    272.03817 
 5726000 0.0073783555 -0.0073675674    270.89253 
 5727000 0.0073427795 -0.0073328314    272.49381 
 5728000 0.0073366152 -0.0073188032       270.35 
 5729000 0.0073699166 -0.0073294219    276.72195 
 5730000 0.0075120446 -0.0075091505    268.53826 
 5731000 0.0072556136 -0.0072641041    272.90873 
 5732000 0.0072804038 -0.007259366    268.19373 
 5733000 0.0073738996 -0.0073347993     267.5296 
 5734000 0.0074630932 -0.0074611184    272.62216 
 5735000 0.0075777854 -0.0075771449    275.08436 
 5736000 0.0075208279 -0.0075217051    269.36359 
 5737000 0.0074341805 -0.0074385996    272.40809 
 5738000 0.0073929357 -0.0073423009    272.71889 
 5739000 0.0073070657 -0.0072943848    273.72132 
 5740000 0.0072970803 -0.0072580672    270.71858 
 5741000 0.0072328952 -0.0072281658     273.2317 
 5742000 0.0073429055 -0.007312088    266.34696 
 5743000 0.0071884686 -0.007204985     270.2454 
 5744000 0.0072703001 -0.0072724334    272.82817 
 5745000 0.0073426696 -0.0073191821    272.57592 
 5746000 0.0073746913 -0.0073701449    270.76802 
 5747000 0.0072446661 -0.0072447792    269.82043 
 5748000 0.0074441696 -0.0073749659    268.51751 
 5749000  0.007437123 -0.0074324325    272.58701 
 5750000 0.0075228117 -0.0074998108    264.78452 
 5751000 0.0072988329 -0.0072984654    272.40248 
 5752000 0.0074069751 -0.0073822089    264.11904 
 5753000 0.0071555958 -0.0071546647    266.98364 
 5754000 0.0074465454 -0.0074598499    268.41291 
 5755000 0.0074097252 -0.007398671    268.38565 
 5756000 0.0074539067 -0.0074134644    268.21082 
 5757000 0.0074877207 -0.0074670822    269.73894 
 5758000 0.0072526418 -0.0072294175     276.1273 
 5759000 0.0075115258 -0.0074724386    270.41691 
 5760000 0.0073279592 -0.0073341461    269.95957 
 5761000 0.0076012823 -0.0075893199    271.97725 
 5762000 0.0075996893 -0.0075522251    271.55177 
 5763000 0.0073852634 -0.0073423229    271.30429 
 5764000   0.00765073 -0.0075865544    271.80406 
 5765000 0.0076717953 -0.0076246573    271.05219 
 5766000 0.0075129831 -0.0074720544    271.48399 
 5767000 0.0075145403 -0.0074622712    273.46693 
 5768000 0.0074548536 -0.007430096     269.6226 
 5769000 0.0074023128 -0.0073672492    269.49282 
 5770000 0.0075163635 -0.0074788488    270.55926 
 5771000 0.0077048338 -0.0077006928    272.63688 
 5772000 0.0076291577 -0.007613717    271.46447 
 5773000  0.007500887 -0.007459843    272.29082 
 5774000 0.0074734843 -0.0074350018    266.59812 
 5775000 0.0076891553 -0.0076506681    270.05307 
 5776000 0.0076182234 -0.007578445    271.77399 
 5777000 0.0078784298 -0.0078603287    273.35532 
 5778000 0.0076601371 -0.0076439456     273.2175 
 5779000 0.0078393976 -0.0078243732    275.75686 
 5780000 0.0077732354 -0.0077238255    267.74704 
 5781000  0.007831861 -0.0078308744    272.59417 
 5782000 0.0079924043 -0.0079614599    278.47383 
 5783000  0.007813392 -0.0078151807    270.22308 
 5784000 0.0077633777 -0.0077730387    267.38884 
 5785000 0.0079272091 -0.007904289    269.23998 
 5786000 0.0080533145 -0.0080519483    271.94994 
 5787000 0.0080012099 -0.0079977622       270.63 
 5788000 0.0079428496 -0.0079446075    270.08671 
 5789000 0.0075777071 -0.0075857436    272.07335 
 5790000 0.0078779907 -0.0078533716    273.36317 
 5791000 0.0077590763 -0.0077544119    273.05911 
 5792000 0.0078187103 -0.0077541875    269.67297 
 5793000 0.0077730551 -0.0077700904    272.05422 
 5794000 0.0076934046 -0.0076947317     277.1823 
 5795000 0.0076510217 -0.0076725483    267.41361 
 5796000   0.00769724 -0.0076500906    269.30282 
 5797000 0.0077946153 -0.0078037165    266.69589 
 5798000 0.0077199908 -0.0077058311    270.62448 
 5799000 0.0075633236 -0.0075466732    272.01312 
 5800000 0.0078075871 -0.0077833427    268.65285 
 5801000  0.007557175 -0.0075552976    274.24607 
 5802000 0.0077724685 -0.0077979007    270.35828 
 5803000 0.0077065544 -0.0077035557    271.83309 
 5804000 0.0077703201 -0.0077648362    271.71573 
 5805000 0.0076072665 -0.0075958923    273.51688 
 5806000 0.0077595124 -0.0077196804    270.02625 
 5807000 0.0077227491 -0.0077398914    265.09331 
 5808000 0.0075718628 -0.0075582522    267.41771 
 5809000 0.0075464353 -0.0075760142    273.99741 
 5810000 0.0077433554 -0.0077560888    271.71536 
 5811000 0.0077941793 -0.007799027    269.10111 
 5812000 0.0078478545 -0.0078451782    272.30779 
 5813000 0.0077749032 -0.007768142    276.03361 
 5814000 0.0078364295 -0.0078248243    266.40664 
 5815000 0.0078397804 -0.0078036267    271.71578 
 5816000 0.0078290503 -0.0077990166    273.27891 
 5817000 0.0077914424 -0.0077884277    266.94578 
 5818000 0.0080287729 -0.0080203661    271.85736 
 5819000 0.0080053912 -0.0080112769    268.61246 
 5820000 0.0077688434 -0.0077224915    273.75418 
 5821000 0.0077234836 -0.0077063364    269.14643 
 5822000 0.0078528965 -0.0078332817    267.98056 
 5823000 0.0079316608  -0.00794561    265.84383 
 5824000 0.0077954588 -0.0077913365    271.66987 
 5825000 0.0079299201 -0.007905974    270.09941 
 5826000 0.0077772062 -0.0077722696    270.03386 
 5827000 0.0078068579 -0.0077736049    270.56441 
 5828000 0.0078625169 -0.0078290671    274.05053 
 5829000 0.0079802732 -0.0079571026    271.93521 
 5830000 0.0079466968 -0.0079173838    270.78135 
 5831000 0.0078157731 -0.0077772579    270.11749 
 5832000 0.0078756483 -0.0078380977    267.35106 
 5833000 0.0079281168 -0.0079398907    274.55063 
 5834000 0.0079775408 -0.0079328371    268.37457 
 5835000  0.007741641 -0.0076883627    276.01465 
 5836000 0.0078791225 -0.0078331779    269.08391 
 5837000 0.0078445327 -0.0077950236    272.69567 
 5838000 0.0077755609 -0.0077370134    271.02726 
 5839000 0.0076978976 -0.0076581977    267.62468 
 5840000 0.0078327062 -0.0077837985     266.9867 
 5841000 0.0078968081 -0.0078698408    267.26084 
 5842000 0.0078123926 -0.0078064663    278.16863 
 5843000 0.0076808086 -0.0076532804    274.14266 
 5844000 0.0077558618 -0.0077538405    272.35298 
 5845000 0.0075791655 -0.0075803483    271.65679 
 5846000  0.007710425 -0.0076831353    271.30193 
 5847000 0.0078298659 -0.0077950478     272.7269 
 5848000 0.0078322286 -0.0077817869    269.58762 
 5849000 0.0076834123 -0.0076666486    272.19113 
 5850000 0.0075740787 -0.0075597684    268.24468 
 5851000 0.0075822707 -0.0075351821    272.43374 
 5852000 0.0078120535 -0.0077821032    274.07073 
 5853000  0.007688846 -0.0076778935     269.2981 
 5854000 0.0077217031 -0.0076731885    272.47995 
 5855000 0.0077390442 -0.0077112783    270.05188 
 5856000 0.0076426276 -0.0076149544    264.49285 
 5857000 0.0079270597 -0.0079159062    272.10319 
 5858000 0.0077405975 -0.0076921444    271.09637 
 5859000  0.007613284 -0.0076377571    267.37191 
 5860000 0.0077868877 -0.007738688    266.96682 
 5861000  0.007563247 -0.0075545075    274.87302 
 5862000   0.00774646 -0.0077213782    270.53156 
 5863000 0.0076977171 -0.0076735023    271.39532 
 5864000 0.0077147127 -0.0076751901    265.51374 
 5865000  0.007690195 -0.0076733837    274.00614 
 5866000 0.0077001698 -0.0076573803    268.38733 
 5867000 0.0075997323 -0.0075818349    268.95383 
 5868000  0.007698724 -0.0076656137     276.6729 
 5869000 0.0077057539 -0.0076909733    272.21006 
 5870000 0.0078187802 -0.0077827421    271.46052 
 5871000 0.0080721678 -0.0080376432    269.93228 
 5872000 0.0079385199 -0.0079231288    272.52303 
 5873000 0.0079038557 -0.0078854858    269.65588 
 5874000 0.0079844858 -0.0079872827    269.68597 
 5875000 0.0078366483 -0.0077818167    270.88051 
 5876000 0.0076985585 -0.0077146113    276.97626 
 5877000 0.0080066573 -0.0079471342    268.80906 
 5878000 0.0078177883 -0.0078249826    271.26246 
 5879000 0.0076769167 -0.007644412    272.73923 
 5880000 0.0079018007 -0.0078767484    273.42237 
 5881000  0.007797086 -0.0077741462    270.84996 
 5882000 0.0078014366 -0.0077772003    276.90675 
 5883000 0.0077288695 -0.0077425311    274.12599 
 5884000  0.007752817 -0.0077196644    269.93693 
 5885000 0.0076422474  -0.00760786     270.9518 
 5886000 0.0077247268 -0.0077095717    271.19895 
 5887000 0.0077750971 -0.0077611118    268.36724 
 5888000 0.0076414432 -0.0076398081    265.21426 
 5889000 0.0075518561  -0.00753439    274.52533 
 5890000 0.0077001021 -0.0076757862    265.24261 
 5891000 0.0077294251 -0.0076806073    275.71914 
 5892000  0.007570748 -0.0075500047     271.6216 
 5893000 0.0077233202 -0.007686787     270.7405 
 5894000 0.0077304355  -0.00770848    273.00981 
 5895000 0.0074697281 -0.0074983307    266.32693 
 5896000  0.007608256 -0.0076005232    270.62792 
 5897000  0.007683816 -0.0076469648    273.15453 
 5898000 0.0076710826 -0.0076115865    266.51359 
 5899000 0.0077095016 -0.0076707661    272.23316 
 5900000 0.0077215202 -0.0077250958     267.5491 
 5901000  0.007743316 -0.0077157373    267.54805 
 5902000 0.0075459943 -0.0074961117    271.46779 
 5903000 0.0075950554 -0.0075673406    271.14533 
 5904000 0.0076077498 -0.0075890576    269.88711 
 5905000 0.0078723579 -0.0078101346    273.59576 
 5906000 0.0076364178 -0.0076042964     271.8414 
 5907000 0.0077351977 -0.0076848846    269.80315 
 5908000 0.0078692238 -0.0078433761    271.32533 
 5909000 0.0078796948 -0.0078327294    271.92209 
 5910000  0.007897956 -0.0078690269    266.71897 
 5911000 0.0077247858 -0.0077196514    274.54985 
 5912000 0.0077485282 -0.0077485768    274.28031 
 5913000 0.0076945301 -0.007654201    262.55002 
 5914000 0.0077127613 -0.0076934447    272.08509 
 5915000 0.0078769342 -0.0078616791    273.67245 
 5916000 0.0076736078 -0.0076788459    274.04796 
 5917000 0.0076843559 -0.0076826278    273.46709 
 5918000 0.0075790795 -0.0076044659    268.54479 
 5919000 0.0078536656 -0.0078454838    271.20026 
 5920000 0.0077476712 -0.0077359739    275.93261 
 5921000 0.0078037246 -0.0077832069    272.66065 
 5922000 0.0077875276 -0.0078098845    268.90369 
 5923000 0.0076911639 -0.0076995985    273.72828 
 5924000 0.0078043592 -0.0078415175    277.07933 
 5925000  0.007635432 -0.0076499197    271.26309 
 5926000 0.0077282243 -0.0077324531    271.36355 
 5927000 0.0076999044 -0.0076982674    267.90075 
 5928000 0.0078190968 -0.0078294223    271.69815 
 5929000  0.007805736 -0.0077981324    269.00066 
 5930000 0.0078448838 -0.0078185919    272.35801 
 5931000 0.0077454584 -0.0077289266    273.53342 
 5932000 0.0075020366 -0.0075084918     270.4108 
 5933000 0.0076140156 -0.0076156227    269.65026 
 5934000 0.0076406983 -0.0076233951    267.95899 
 5935000  0.007717259 -0.0076997694    267.93673 
 5936000 0.0077381288 -0.0077475131    269.70454 
 5937000 0.0078277913 -0.0078070462    264.45134 
 5938000 0.0077154614 -0.0076971411    272.29802 
 5939000  0.007652893 -0.007678227    275.68277 
 5940000 0.0076551864 -0.0076154622    267.04688 
 5941000 0.0077425951 -0.0077020595    270.74034 
 5942000 0.0077763601 -0.0078134234    275.44575 
 5943000 0.0076612387 -0.0076378381    269.22786 
 5944000 0.0081057446 -0.0080804538    273.03427 
 5945000 0.0077610021 -0.0077796425    267.31787 
 5946000 0.0076835922 -0.0076614933    271.97065 
 5947000 0.0077311245 -0.0077010685    271.80683 
 5948000 0.0076165023 -0.0076114049    264.46393 
 5949000 0.0077934717 -0.0077900771    272.37072 
 5950000 0.0077490686 -0.007739528    271.61586 
 5951000 0.0077652444 -0.0077732728    271.63638 
 5952000  0.007706975 -0.0076647318    265.89559 
 5953000 0.0076727463 -0.0076607669    270.19455 
 5954000  0.007709017 -0.0076972961     272.9523 
 5955000 0.0077821557 -0.0077434254    271.74654 
 5956000 0.0075861509 -0.0075660685     270.5836 
 5957000  0.007767843 -0.0077615692    266.19297 
 5958000 0.0078514891 -0.0077980679    268.18939 
 5959000 0.0077109198 -0.0076860134    273.89766 
 5960000 0.0077916505 -0.0077835814    267.62682 
 5961000 0.0077432909 -0.0077189205    272.64904 
 5962000 0.0077999892 -0.0077860808    265.95943 
 5963000 0.0078574162 -0.0078465986    273.06063 
 5964000 0.0078176296 -0.0077861962    273.46949 
 5965000 0.0075576688 -0.0075025998    275.00824 
 5966000 0.0081275426 -0.008104079      271.494 
 5967000 0.0080192505 -0.0079957159    269.78462 
 5968000 0.0079335565 -0.0079305055    267.29278 
 5969000 0.0081000448 -0.0080867923     267.0461 
 5970000  0.008173658 -0.0081705224     269.4455 
 5971000  0.008016915 -0.0080011171    272.22451 
 5972000  0.007965024 -0.0079047967    272.12559 
 5973000 0.0077877831 -0.0077826668     269.5096 
 5974000 0.0078379705 -0.0078012967    271.06403 
 5975000 0.0077929614 -0.0077569625    269.41615 
 5976000 0.0078865814 -0.0078487234    271.97324 
 5977000 0.0078738794 -0.0078287869     270.4066 
 5978000 0.0078981852 -0.0078803457    273.86338 
 5979000 0.0078964871 -0.0079129541    271.96808 
 5980000 0.0079781843 -0.0079267989    268.12054 
 5981000 0.0079286652 -0.0078908746    271.30842 
 5982000 0.0078623861 -0.0078570175    267.70928 
 5983000 0.0080730096 -0.0079947536    274.02284 
 5984000 0.0079359216 -0.0079127614    270.72866 
 5985000 0.0078701911 -0.007874224    268.47392 
 5986000 0.0078974723 -0.0078646967    268.75615 
 5987000 0.0078452083 -0.0077974429    264.75021 
 5988000  0.008046064 -0.008047479    269.92395 
 5989000 0.0079982979 -0.0079887287    270.82079 
 5990000 0.0077583297 -0.007778143    271.17457 
 5991000 0.0077366122 -0.0076886355    270.60436 
 5992000 0.0076507095 -0.007600637    272.79696 
 5993000 0.0078693731 -0.007871351    275.50385 
 5994000   0.00776276 -0.0077735002     274.5207 
 5995000 0.0078273773 -0.0077946777    275.11019 
 5996000 0.0076317304 -0.007620491    275.39384 
 5997000  0.007675978 -0.0076239745     266.2859 
 5998000 0.0078553818 -0.0078072039    271.19682 
 5999000 0.0077870985 -0.0077552866    271.13627 
 6000000 0.0078275363 -0.0077802295    267.66725 
 6001000 0.0079116625 -0.0079115111    269.75278 
 6002000  0.007753082 -0.0077068582    269.30065 
 6003000 0.0077560503 -0.0077206776    274.54342 
 6004000 0.0076579781 -0.0076347688    268.54929 
 6005000 0.0076651817 -0.0076953628    271.12005 
 6006000 0.0077053571 -0.0076798186    269.80468 
 6007000 0.0077392577 -0.0077088526    268.34775 
 6008000 0.0078935029 -0.0078609784    269.97887 
 6009000 0.0079923098 -0.0079975283    269.56356 
 6010000 0.0077699941 -0.0077765138    272.95814 
 6011000 0.0079366336 -0.0078953634    271.77082 
 6012000 0.0078202888 -0.0078011521    269.56902 
 6013000  0.007870667 -0.0078324985    272.68049 
 6014000 0.0079645764 -0.0079531281    276.82024 
 6015000 0.0079506612 -0.0078915731    274.07412 
 6016000 0.0079292376 -0.0078958418    270.02719 
 6017000 0.0078536889 -0.0077971028    273.83044 
 6018000 0.0078250171 -0.0078416245     272.7471 
 6019000 0.0077574229 -0.0077518213    272.60577 
 6020000 0.0077715973 -0.0077733862    270.58673 
 6021000 0.0075611615 -0.0075506438    273.19556 
 6022000 0.0077266828 -0.0077286029    263.86592 
 6023000   0.00790937 -0.0078626994    273.78532 
 6024000 0.0076796879 -0.0076706208    270.19782 
 6025000 0.0078683818 -0.0078360965    270.73417 
 6026000 0.0079695057 -0.007975691    267.57512 
 6027000 0.0079057692 -0.0079023224    269.01381 
 6028000 0.0079201051 -0.0078613748    269.15517 
 6029000 0.0078319106 -0.0078389937    271.26825 
 6030000 0.0078009026 -0.0077935109     273.9702 
 6031000 0.0076292118 -0.0076435593    271.69456 
 6032000 0.0077699612 -0.0077396076    270.90118 
 6033000 0.0076306179 -0.0075591187    271.08189 
 6034000   0.00762169 -0.0076026699    275.52967 
 6035000 0.0077317542 -0.0077406498    275.77345 
 6036000 0.0075981379 -0.0075863493    267.50418 
 6037000 0.0074861861 -0.0074831838    271.83193 
 6038000 0.0076884839 -0.0076621036      275.749 
 6039000 0.0076086757 -0.0075569919    272.18575 
 6040000 0.0075079339 -0.0074950856    274.03116 
 6041000 0.0076530875 -0.0076138722    270.85401 
 6042000 0.0077636616 -0.0077567617    276.44355 
 6043000 0.0075916227 -0.0075875282    269.59701 
 6044000 0.0075682562 -0.0075388676    268.54792 
 6045000 0.0076145679 -0.0076140203    268.45953 
 6046000 0.0077023663 -0.0076722306     271.5015 
 6047000 0.0075380669 -0.0075141048    270.65221 
 6048000 0.0074390734 -0.0074016244    267.07097 
 6049000  0.007390758 -0.0073606214    272.61432 
 6050000 0.0074447842 -0.0074095626    264.74907 
 6051000 0.0073677121 -0.0073429464    276.77755 
 6052000 0.0074169683 -0.007423929     268.1799 
 6053000 0.0074881102 -0.0074801939    271.85406 
 6054000 0.0074168908 -0.0073895429    269.33133 
 6055000 0.0074780052 -0.0074799532    266.73345 
 6056000 0.0076462966 -0.0076005181    267.98449 
 6057000 0.0075570994 -0.0075514506    270.40925 
 6058000 0.0078166973 -0.0078159499    269.79642 
 6059000 0.0074221232 -0.0074214819    271.62325 
 6060000 0.0073794519 -0.0073903056    270.26135 
 6061000 0.0075556259 -0.0075202382    272.07833 
 6062000 0.0074483509 -0.0073926578    269.94563 
 6063000 0.0074740494 -0.0074515748    268.23295 
 6064000 0.0074610932 -0.0074553714    270.42569 
 6065000 0.0074836171 -0.0074525885    271.46415 
 6066000 0.0075011184 -0.0074770568    271.78752 
 6067000 0.0075166085 -0.0074847218    266.21618 
 6068000 0.0075590368 -0.0075257132    268.16629 
 6069000 0.0075904389 -0.0075695534    269.17171 
 6070000 0.0076119384 -0.0075657695    273.48402 
 6071000 0.0076694884 -0.0076082409     268.9145 
 6072000 0.0075420925 -0.0075208253    272.68448 
 6073000  0.007515939 -0.0075102925    265.60778 
 6074000  0.007435491 -0.0074096984    274.82825 
 6075000 0.0073598517 -0.0073163292    272.05492 
 6076000 0.0075477385 -0.0075271584    274.22994 
 6077000 0.0073973121 -0.007355235     273.6145 
 6078000 0.0074495924 -0.0074322587    270.19585 
 6079000  0.007573503 -0.0075311265     277.7427 
 6080000 0.0075751545 -0.0075455414    274.18195 
 6081000 0.0075416594  -0.00750939    267.85107 
 6082000   0.00753583 -0.0074940583    280.15863 
 6083000 0.0075842905 -0.0075217662    267.17252 
 6084000 0.0076990514 -0.0076691083     265.6389 
 6085000 0.0073789839 -0.0073609024    272.07988 
 6086000 0.0075060699 -0.0074597626    270.72677 
 6087000 0.0075817521 -0.0075404111    269.12752 
 6088000 0.0075695461 -0.0074861213    275.93848 
 6089000 0.0076460376 -0.0076396109    269.13961 
 6090000 0.0075284464 -0.0074460045     273.5026 
 6091000 0.0076195577 -0.0075629706    270.70285 
 6092000 0.0076354927 -0.0076181426    275.28726 
 6093000 0.0074759872 -0.0074658839     269.4885 
 6094000   0.00757991 -0.0075514853    272.18584 
 6095000 0.0076513238 -0.0076457442    274.04231 
 6096000 0.0079798131 -0.0079245637    266.52513 
 6097000  0.007610376 -0.0075567897    272.50863 
 6098000 0.0078480431 -0.0077963326    279.27255 
 6099000 0.0077713579 -0.0077531702    272.70003 
 6100000 0.0077218837 -0.0076819636    269.36907 
 6101000 0.0078537831 -0.0078676654    271.41753 
 6102000  0.007781396 -0.0077470364    264.38985 
 6103000  0.007762731 -0.0077358445    275.49063 
 6104000 0.0076980605 -0.0076932417    270.17185 
 6105000 0.0077329255 -0.0077207468    268.89343 
 6106000 0.0077222841 -0.0076766323    270.74676 
 6107000 0.0077498701 -0.0076598459    276.27072 
 6108000 0.0077831803 -0.0077441758    273.33774 
 6109000 0.0075441705 -0.0075481589    274.17557 
 6110000 0.0077095566 -0.0076880267    274.51991 
 6111000 0.0077241735 -0.0076720643    269.75764 
 6112000 0.0076549965 -0.0076334001    269.24468 
 6113000 0.0077625708 -0.0077370782    275.34322 
 6114000 0.0077081183 -0.0076913576    274.90573 
 6115000 0.0077481082 -0.0076875856     271.5481 
 6116000  0.007590983 -0.007578225    272.19089 
 6117000 0.0076778683 -0.0076505269    269.32941 
 6118000 0.0075093347 -0.0075038829    268.57369 
 6119000 0.0075887389 -0.0075638284    270.73651 
 6120000 0.0076320162 -0.0076048302    268.87576 
 6121000 0.0077042701 -0.007648252    277.05507 
 6122000 0.0076157923 -0.0075847274    269.34114 
 6123000 0.0076515922 -0.0076089821    268.81395 
 6124000 0.0075830322 -0.0075353639    269.73247 
 6125000 0.0076167272 -0.0075512862    272.05107 
 6126000 0.0076402311 -0.0076470023    269.54114 
 6127000 0.0075846054 -0.0075334791    272.12735 
 6128000 0.0076912463 -0.0076428664    270.38684 
 6129000  0.007468425 -0.0074464953    271.68409 
 6130000 0.0073800179 -0.007344406    269.73155 
 6131000 0.0074783092 -0.0074368914    274.46373 
 6132000 0.0076019291 -0.0075938994     270.6822 
 6133000 0.0073688879 -0.0073523547    272.48894 
 6134000 0.0075611782 -0.0075215941    271.15151 
 6135000 0.0075143096 -0.0074794118    268.14839 
 6136000 0.0075736249 -0.0075456635       270.24 
 6137000 0.0077139256 -0.0076923386    268.41862 
 6138000 0.0075973541 -0.0075997514    267.89158 
 6139000 0.0072484177 -0.007219899    273.79743 
 6140000 0.0072078762 -0.0072130279    269.32308 
 6141000 0.0073189136 -0.0072984003    270.42147 
 6142000 0.0072364633 -0.0072208792     271.6747 
 6143000 0.0073020513 -0.0072680765    268.42116 
 6144000 0.0074585206 -0.0074765399    270.27865 
 6145000  0.007499448 -0.0074645933    269.18515 
 6146000  0.007453722 -0.0074121463    268.23283 
 6147000 0.0074986006 -0.0074932396    270.55737 
 6148000 0.0073861487 -0.0073812948    273.45173 
 6149000  0.007466291 -0.0074619906    273.70344 
 6150000 0.0076308961 -0.0075967163     266.5561 
 6151000 0.0074070868 -0.0073606083    266.24512 
 6152000 0.0072252817 -0.0072353797    273.43751 
 6153000 0.0076767397 -0.0076475634    275.09891 
 6154000 0.0075304164 -0.0075070215    269.85902 
 6155000 0.0073936465 -0.0073997227    264.09292 
 6156000 0.0074856824 -0.0074222429    271.19952 
 6157000 0.0073752176 -0.0073779534    266.66209 
 6158000 0.0074411343 -0.0074069887    270.07556 
 6159000  0.007327477 -0.0073061539    274.10964 
 6160000 0.0074193413 -0.0074188342    271.35656 
 6161000 0.0074358708 -0.0074489137    272.23472 
 6162000 0.0074181299 -0.0074209733    271.41096 
 6163000 0.0076000885 -0.0075875542    269.78655 
 6164000 0.0075607311 -0.0075323255    269.83162 
 6165000 0.0074635503 -0.0074326481     269.8035 
 6166000 0.0074671771 -0.0074493072    272.33837 
 6167000 0.0075927667 -0.0075571393     271.8731 
 6168000 0.0075404322 -0.0075356745    272.03257 
 6169000 0.0075251195 -0.0075278321    269.92476 
 6170000 0.0072936414 -0.0072882027    273.71165 
 6171000 0.0073428193 -0.0073521415    269.63297 
 6172000  0.007548558 -0.0075549461    273.26513 
 6173000 0.0073692948 -0.007360804    270.55831 
 6174000 0.0074067912 -0.0074347604    273.36009 
 6175000 0.0071145935 -0.0070682312    276.16592 
 6176000 0.0072776304 -0.0072631428    270.59888 
 6177000 0.0074266255 -0.007419877    268.34858 
 6178000  0.007394021 -0.0073380316    273.45356 
 6179000 0.0074040635 -0.0073718744    273.78572 
 6180000 0.0076096825 -0.0076236286    270.04821 
 6181000 0.0073769634 -0.0073828427    272.48194 
 6182000 0.0075285098 -0.0075131666    269.04417 
 6183000 0.0075441423 -0.0075267422    268.78602 
 6184000 0.0074191595 -0.0073972022    271.73079 
 6185000 0.0075151539  -0.00749323     267.5299 
 6186000 0.0075171292 -0.0074670657    267.55474 
 6187000  0.007544601 -0.0075369095    272.93434 
 6188000 0.0076646122 -0.0076212809    274.59782 
 6189000  0.007616595 -0.0075791229    271.53881 
 6190000 0.0076946197 -0.0076731495    272.21305 
 6191000 0.0077562763 -0.0077162767    270.38248 
 6192000 0.0075942378 -0.0075846363     273.7261 
 6193000 0.0076024492 -0.0075758698    276.96942 
 6194000 0.0076480185 -0.0076216154    272.71902 
 6195000 0.0074227746 -0.0074263226    270.82549 
 6196000  0.007573422 -0.0075827884    275.61654 
 6197000 0.0074285734 -0.0074116497    267.32815 
 6198000 0.0075588667 -0.007579747    280.07558 
 6199000 0.0076207978 -0.0075909469    270.13059 
 6200000 0.0075898994 -0.0075176347    273.12661 
 6201000 0.0076513956 -0.0076414034    271.90505 
 6202000 0.0076516233 -0.0075985049    269.71804 
 6203000 0.0075945973 -0.0075719373    271.17309 
 6204000 0.0076618345 -0.0076268964    273.88347 
 6205000 0.0075381314 -0.0075212845    262.45264 
 6206000 0.0074798295 -0.007445858    273.34542 
 6207000 0.0073501878 -0.0073054569    267.69468 
 6208000 0.0075956595 -0.0075931007    266.68185 
 6209000 0.0077530423 -0.0077535365    267.46448 
 6210000 0.0076547978 -0.007651507    274.52847 
 6211000 0.0074138803 -0.0074130796    267.82586 
 6212000 0.0075736452 -0.0075440688    272.27311 
 6213000  0.007563627 -0.007556238    271.28591 
 6214000 0.0076338797 -0.0076535573    271.30776 
 6215000 0.0074728935 -0.0074643177    276.11758 
 6216000 0.0074772984 -0.0075065918    272.80888 
 6217000 0.0074193228 -0.0074105814    269.56369 
 6218000 0.0072876684 -0.0072663946    269.58001 
 6219000 0.0073864544 -0.0073911212     272.5592 
 6220000 0.0077055685 -0.0076664629    269.01485 
 6221000 0.0075751676  -0.00754424    271.60548 
 6222000 0.0076526898 -0.0075864262    265.81188 
 6223000  0.007674828 -0.0076646196    267.88338 
 6224000 0.0077350572 -0.0076996505    271.44395 
 6225000 0.0078065462 -0.0077996072    276.72171 
 6226000 0.0078189765 -0.0077857971    270.94209 
 6227000 0.0078424467 -0.0078306432    266.22193 
 6228000  0.007662961 -0.0076281987    277.54064 
 6229000 0.0077377645 -0.0076926943    271.94822 
 6230000 0.0076814778 -0.0076682576    267.04692 
 6231000 0.0076764503 -0.007631049    273.37685 
 6232000 0.0078922067 -0.0078647661    271.38701 
 6233000 0.0075786261 -0.0075813905    271.55583 
 6234000 0.0077817358 -0.007742856     272.0523 
 6235000 0.0075475708 -0.0074941328    272.87436 
 6236000 0.0076122245 -0.0075759135    270.36548 
 6237000 0.0076049847 -0.007585623    271.57769 
 6238000 0.0077195682 -0.0077205845    274.05158 
 6239000  0.007881846 -0.0078802349    267.62798 
 6240000 0.0075139168 -0.0075083951    273.62223 
 6241000 0.0077214013 -0.0077003602    264.57148 
 6242000 0.0076067745 -0.0075546609    269.41681 
 6243000 0.0076643348 -0.0075996303     274.5673 
 6244000 0.0076984491 -0.0076144839    266.21401 
 6245000 0.0075951223 -0.0075844051    271.66787 
 6246000 0.0076099048 -0.007593473    274.08773 
 6247000 0.0074531729 -0.0074403254    269.00692 
 6248000 0.0075253314 -0.0074974686    270.79576 
 6249000 0.0075433561 -0.0075027019    270.59859 
 6250000 0.0075479077 -0.0075434039    266.90698 
 6251000 0.0075471537 -0.0074867206    271.18274 
 6252000 0.0076375454 -0.0075887114    274.46995 
 6253000 0.0077517918 -0.0077347924    269.62337 
 6254000 0.0076701101 -0.0076491782    274.34661 
 6255000 0.0075989914 -0.0075755372    269.57557 
 6256000 0.0077444075 -0.0077031836    268.73195 
 6257000 0.0075996852 -0.0076091248     274.6474 
 6258000 0.0075498034 -0.0075177746    274.45913 
 6259000  0.007518233 -0.0075052909    264.42631 
 6260000 0.0076785782 -0.0076228222    271.81816 
 6261000 0.0077632403 -0.0076991103    274.38827 
 6262000 0.0074173766 -0.0073820075    268.90703 
 6263000 0.0074909492 -0.0074795621    271.79473 
 6264000 0.0077228769 -0.0076741611    271.63025 
 6265000 0.0078282988 -0.0077693071    270.31149 
 6266000 0.0078350267 -0.0077797201    270.18778 
 6267000 0.0079871703 -0.0079694228    273.06141 
 6268000 0.0077330436 -0.0076825777    273.58229 
 6269000 0.0077990754 -0.0077968698     268.9546 
 6270000 0.0077008925 -0.0077094533    265.99009 
 6271000 0.0079064908 -0.0078734979     270.0018 
 6272000 0.0075085864 -0.0075378331    270.50206 
 6273000 0.0076835368 -0.0076609581    270.45422 
 6274000 0.0077192483 -0.0077152025    272.96097 
 6275000 0.0077928516 -0.0077741786    268.64194 
 6276000 0.0079300119 -0.0078767178    271.15448 
 6277000 0.0079275858 -0.0078767954    271.50462 
 6278000 0.0078504132 -0.0078635172    276.67547 
 6279000 0.0078704199 -0.0078637877    272.75656 
 6280000 0.0078696718 -0.0078698837    273.94127 
 6281000  0.007875405 -0.0078578805    272.84103 
 6282000 0.0077103719 -0.0077137382    273.26405 
 6283000 0.0077623382 -0.0077538564    271.58932 
 6284000 0.0076272752 -0.0076474824    275.81553 
 6285000 0.0078776386 -0.007887002    272.99667 
 6286000 0.0078678069 -0.0078284336    274.37522 
 6287000 0.0080044828 -0.0079926305    272.00152 
 6288000   0.00778991 -0.0077571805    273.70781 
 6289000 0.0079477144 -0.007896193    268.81504 
 6290000 0.0079153254 -0.007871679    271.02218 
 6291000  0.008033858 -0.0080262218    274.38936 
 6292000 0.0078607121 -0.0078564741    270.16288 
 6293000 0.0080247269 -0.0080178308    273.84712 
 6294000 0.0082614985 -0.0082053017    272.62283 
 6295000 0.0080619661 -0.0079977388    268.73071 
 6296000 0.0078193428 -0.0078059208    273.63284 
 6297000 0.0078085803 -0.0078322857    272.10419 
 6298000  0.007898751 -0.0078859826    270.43989 
 6299000 0.0080945387 -0.0080530767    270.79524 
 6300000 0.0080192438 -0.0079941781    269.95075 
 6301000 0.0081715591 -0.0081563969    264.62013 
 6302000 0.0080900875 -0.0080689623    269.90129 
 6303000 0.0078769038 -0.0078581815    267.69414 
 6304000 0.0080568911 -0.008036097    267.25374 
 6305000 0.0078703104 -0.0078363489     270.3364 
 6306000 0.0079207467 -0.0078952188    275.43293 
 6307000 0.0079017469 -0.0079005943    267.67794 
 6308000  0.007923263 -0.0079123124    268.88222 
 6309000 0.0079491351 -0.0078844482     269.5152 
 6310000 0.0079031075 -0.0078555983    272.53116 
 6311000 0.0077907809 -0.0077654691    265.80799 
 6312000 0.0079521704 -0.0079021647    272.81248 
 6313000 0.0077248976   -0.0076934    266.78855 
 6314000 0.0077561774 -0.0077619164    271.08443 
 6315000 0.0078114212 -0.0077927284    272.29248 
 6316000 0.0078967575 -0.0079232924    271.40508 
 6317000 0.0079261122 -0.0079219065    270.25265 
 6318000 0.0077507573 -0.0077419343    270.78854 
 6319000 0.0077512626 -0.0077631927     267.5817 
 6320000   0.00766916 -0.0076422293    268.80941 
 6321000 0.0078153376 -0.0077768597    273.30819 
 6322000 0.0077843611 -0.0077578087    273.86118 
 6323000 0.0078445749 -0.0078150913    263.29884 
 6324000 0.0078509667 -0.0078166456    267.91435 
 6325000 0.0078775126 -0.0078373921    268.56834 
 6326000 0.0078976408 -0.0078836396     261.8268 
 6327000 0.0079294867 -0.0079383667    271.21072 
 6328000 0.0079859724 -0.0079171655    272.52025 
 6329000 0.0079342855 -0.0079264031    272.64832 
 6330000 0.0078111525 -0.0077925141    271.09016 
 6331000 0.0077539189 -0.0077699137    276.12895 
 6332000 0.0077868703 -0.0077474294     269.5643 
 6333000 0.0079652127 -0.007922522    269.56818 
 6334000  0.007898798 -0.0078684681    268.47735 
 6335000 0.0076429905 -0.0076330113    268.95072 
 6336000 0.0077690642 -0.0077381232     269.6348 
 6337000 0.0078857936 -0.0078532906    266.98481 
 6338000 0.0075806007 -0.0075863823    273.96019 
 6339000 0.0076247723 -0.0076166612    270.26742 
 6340000 0.0076119419 -0.0076056613    272.46407 
 6341000 0.0077367261 -0.0077268617    272.69999 
 6342000  0.007571393 -0.0075353535    269.10292 
 6343000 0.0076791704 -0.0076532437    275.30136 
 6344000  0.007657462 -0.0076565073    272.07613 
 6345000 0.0077643952 -0.0077501166    266.44386 
 6346000 0.0076213089 -0.0076102423    270.37054 
 6347000 0.0076502039 -0.0075886474    267.24944 
 6348000 0.0075434103 -0.0075212807    272.11071 
 6349000 0.0075986422 -0.007599643     268.6731 
 6350000 0.0076984973 -0.0076600704    268.73339 
 6351000 0.0075918768 -0.0075864882    269.57254 
 6352000 0.0075529291 -0.0075275747    272.48013 
 6353000 0.0076518595 -0.0076458561    268.51648 
 6354000 0.0077353153 -0.0077412166     269.4529 
 6355000 0.0076306243 -0.0076279501    268.70339 
 6356000 0.0076224674 -0.0075514834    266.09505 
 6357000 0.0075776576 -0.0075797472    270.15659 
 6358000 0.0077183429 -0.0076804606    273.09079 
 6359000 0.0077237755 -0.0077097639    277.18426 
 6360000 0.0076779772 -0.007673674    271.58964 
 6361000 0.0076843345 -0.0076397072     273.4472 
 6362000 0.0078446303 -0.0077909568    271.02119 
 6363000 0.0075985873 -0.0075829104    271.25227 
 6364000 0.0075952246 -0.0075268798    273.04232 
 6365000  0.007632881 -0.0076139686    271.01759 
 6366000 0.0077164789 -0.0077034144    271.66012 
 6367000  0.007489381 -0.0074530897    271.76247 
 6368000 0.0076564039 -0.0076432312    266.94619 
 6369000 0.0076149927 -0.0076235418     270.0304 
 6370000  0.007628364 -0.0076013005    276.89308 
 6371000 0.0075931787 -0.0075520523    273.72515 
 6372000 0.0074870153 -0.0074669035    271.00487 
 6373000 0.0074252199 -0.007399207    267.34798 
 6374000 0.0075790104 -0.0075505762     271.5896 
 6375000 0.0076008898 -0.0075751225    273.39224 
 6376000 0.0076731995 -0.0076400872    269.75307 
 6377000 0.0077553082 -0.0077272192    271.33061 
 6378000 0.0077854839 -0.007724968    271.67446 
 6379000 0.0078510003 -0.007791903    272.98663 
 6380000 0.0079902873 -0.0080059522     265.4005 
 6381000 0.0080446842 -0.0079955372    268.45375 
 6382000 0.0080707674 -0.0080391087    269.56257 
 6383000 0.0079369515 -0.0078662697    274.02396 
 6384000 0.0080420476 -0.0080019407    269.47566 
 6385000  0.007988391 -0.0079543693      271.817 
 6386000  0.007805145 -0.0077852342    268.24551 
 6387000 0.0078442727 -0.0078032889    270.92307 
 6388000 0.0078279794 -0.007782973    269.30967 
 6389000 0.0077417317    -0.007736    269.88202 
 6390000 0.0078847011 -0.0078253237    266.68292 
 6391000 0.0078748529 -0.0078647862    272.59566 
 6392000 0.0077818443 -0.0077957895    273.79903 
 6393000 0.0078051885 -0.0077765079    270.80902 
 6394000 0.0078327647 -0.0077673446     268.2068 
 6395000 0.0078149987 -0.0077754188     270.2164 
 6396000   0.00768127 -0.0076845877    271.36143 
 6397000 0.0078433284 -0.0078234647    268.01448 
 6398000 0.0076326149 -0.0076186649    273.22913 
 6399000 0.0074351052 -0.0074483467    273.09176 
 6400000 0.0076592778 -0.0076214461    270.74204 
 6401000 0.0076463277 -0.0076270135    270.25336 
 6402000  0.007686087 -0.0076082931    268.34541 
 6403000 0.0074392349 -0.0074366156     271.9231 
 6404000 0.0076795642 -0.0076535941    267.35205 
 6405000 0.0078412786 -0.0078087929    269.64368 
 6406000 0.0077469118 -0.007698113    276.35931 
 6407000 0.0076183811 -0.0075849793    273.74396 
 6408000 0.0076933667 -0.0076807648    271.77307 
 6409000 0.0076858213 -0.0076987436    270.81353 
 6410000 0.0078339939 -0.0078434706    270.68147 
 6411000  0.007807982 -0.0077780171    270.52422 
 6412000 0.0081045712 -0.0080530829    273.28256 
 6413000 0.0080264907 -0.0079999084    269.78575 
 6414000 0.0078905157 -0.0078854852    271.59856 
 6415000 0.0079629386 -0.0078898896    269.06097 
 6416000 0.0079078603 -0.0079000772    271.07798 
 6417000 0.0080153902 -0.007972807    274.21895 
 6418000 0.0077961578 -0.0078100229    272.63105 
 6419000 0.0078144975 -0.0078113385     270.7437 
 6420000 0.0076138684 -0.0075972308    274.26964 
 6421000 0.0078047069 -0.0077742317    273.07753 
 6422000 0.0080820159 -0.0080518377    271.22756 
 6423000  0.008017875 -0.0080023315    273.42895 
 6424000 0.0079728113 -0.0079710843    273.18269 
 6425000  0.007858577 -0.0078778695    273.54358 
 6426000 0.0080121045 -0.0079674119    267.61835 
 6427000 0.0077333931 -0.0077181831    272.25159 
 6428000 0.0078203261 -0.0078290118    268.56242 
 6429000 0.0077980866 -0.0077684673    272.06712 
 6430000 0.0077333739 -0.0076794402    277.19044 
 6431000 0.0077932711 -0.0077591456    266.58224 
 6432000 0.0075807759 -0.0075701413    270.48007 
 6433000 0.0075011114 -0.0074960273    270.69171 
 6434000 0.0075297128 -0.0075296339    275.92891 
 6435000 0.0075806543 -0.0075222089    270.18765 
 6436000 0.0076424682 -0.0076510508    272.06511 
 6437000  0.007472324 -0.0074698361    272.39604 
 6438000 0.0071554445 -0.0071506986    271.74427 
 6439000  0.007419462 -0.0073962003    275.19492 
 6440000 0.0073906337 -0.0074076184    267.65343 
 6441000 0.0074958147 -0.0074661292    264.93965 
 6442000 0.0076106395 -0.007583909    270.29693 
 6443000 0.0076635419 -0.0076684152    266.74611 
 6444000 0.0074529828 -0.0074160025    275.60279 
 6445000 0.0073971623 -0.0073474095    270.51562 
 6446000 0.0075928991 -0.0075737512     268.6619 
 6447000 0.0075569232 -0.0075163313    272.23539 
 6448000 0.0075625718 -0.0075249508    272.07405 
 6449000 0.0074806773 -0.0074681948     271.6236 
 6450000 0.0075902974 -0.0075458317    273.49851 
 6451000 0.0076096107 -0.0075980066    275.35499 
 6452000 0.0075716982 -0.0075680227    274.17724 
 6453000 0.0078459562 -0.0077932502    272.71219 
 6454000 0.0074692118 -0.0074424331    269.91009 
 6455000 0.0078094702  -0.00777613    271.26842 
 6456000 0.0076514334 -0.007641281     269.2579 
 6457000 0.0075184094 -0.0075275988     274.6256 
 6458000 0.0076657513 -0.007635019    272.41007 
 6459000 0.0076552531 -0.0076309005    275.08911 
 6460000 0.0074731779 -0.0074486106    265.00312 
 6461000 0.0078713239 -0.0078537164    270.23658 
 6462000 0.0079028159 -0.0079030576    272.11602 
 6463000 0.0076244626 -0.0075576708    269.64361 
 6464000 0.0079206348 -0.007887363    275.89694 
 6465000 0.0078632575 -0.0078870547    268.22694 
 6466000 0.0076583287 -0.0076546703    271.20969 
 6467000 0.0077880183 -0.0077356131    272.02529 
 6468000 0.0078120853 -0.0077806642    268.77795 
 6469000 0.0078746213 -0.0078542137    271.94454 
 6470000 0.0076664308 -0.0076332036    269.36432 
 6471000 0.0075850762 -0.0075720973    263.46504 
 6472000  0.007661451 -0.0076526593    269.68982 
 6473000 0.0076440174 -0.0075897014    270.36158 
 6474000 0.0075966344 -0.0076171021    270.30197 
 6475000 0.0078836865 -0.0078467116    268.23588 
 6476000 0.0076974215 -0.0076808301    270.87452 
 6477000 0.0077304426 -0.0076972039    269.92405 
 6478000 0.0076737526 -0.0076622297    268.87897 
 6479000 0.0077711669 -0.0077666274    268.96387 
 6480000 0.0076738104 -0.0076789937    273.02098 
 6481000  0.007669912 -0.0076663282    272.29823 
 6482000 0.0076856887 -0.0076887535    267.15168 
 6483000 0.0078074658 -0.0077669795    274.39423 
 6484000 0.0075821777 -0.0075646619    270.57929 
 6485000 0.0075707121 -0.0074991415     269.1714 
 6486000 0.0074484623 -0.0074004824    270.69352 
 6487000 0.0076247915 -0.0075883892    269.71902 
 6488000 0.0076215043 -0.0075968368    268.84006 
 6489000 0.0077038574 -0.0076476676    268.29536 
 6490000 0.0077259333 -0.0076783124    269.22884 
 6491000 0.0075227288 -0.0074926328    267.70298 
 6492000 0.0074611164 -0.007440173    269.71154 
 6493000 0.0076813457 -0.0076568339    272.42256 
 6494000 0.0077547712 -0.0077413178    273.18758 
 6495000 0.0076620359 -0.0076479194    269.11014 
 6496000 0.0076791223 -0.0076984898    272.30464 
 6497000 0.0076755215 -0.0076388226    272.93335 
 6498000 0.0077607192 -0.0077393098    269.06255 
 6499000 0.0076641113 -0.0076314884    267.65807 
 6500000 0.0077770059 -0.0077489941    269.88863 
 6501000 0.0077115167 -0.0077232776    268.02772 
 6502000  0.007722362 -0.0076913382     276.1396 
 6503000 0.0076335368 -0.0076139041    269.12996 
 6504000 0.0078705152 -0.0078428995    273.16809 
 6505000 0.0076846984 -0.0076827869    274.62548 
 6506000 0.0076395741 -0.0076102971    270.64862 
 6507000 0.0077752804 -0.0077671442     265.7463 
 6508000 0.0080479841 -0.0080244985    271.17946 
 6509000 0.0079258615 -0.0079109414    267.51962 
 6510000 0.0078885477 -0.0078820785     273.9575 
 6511000 0.0079819638 -0.0079532246    274.11041 
 6512000 0.0076250283 -0.0076437758    270.88077 
 6513000 0.0078795132 -0.0078592722    269.59892 
 6514000 0.0081119692 -0.0080534008    269.79713 
 6515000 0.0078164416 -0.0077937938    271.89179 
 6516000 0.0077922139 -0.0077523975    275.22863 
 6517000 0.0077651626 -0.0077385134    269.88243 
 6518000 0.0078116415 -0.0078105642    273.08281 
 6519000 0.0076960101 -0.0076705204    275.12041 
 6520000 0.0076241156 -0.0075700068    266.41246 
 6521000 0.0076483276 -0.0076606542    274.89224 
 6522000 0.0074217589 -0.0074092752    266.55533 
 6523000 0.0075043801 -0.0074841091    269.83933 
 6524000 0.0076537554 -0.0076270675    277.66096 
 6525000 0.0077320992 -0.0077280986    270.89664 
 6526000 0.0078375801 -0.0078125415    268.87816 
 6527000 0.0079121594 -0.0078624933    271.41381 
 6528000 0.0078362215 -0.0077975005    271.98794 
 6529000 0.0079313557 -0.0078957886    272.47877 
 6530000 0.0078510929 -0.0078356065    269.48809 
 6531000 0.0080416381 -0.0080142184    274.25337 
 6532000 0.0080530968 -0.0080149922     273.5672 
 6533000 0.0079531223 -0.0079334315    272.42762 
 6534000 0.0079001324 -0.0078698709    272.79465 
 6535000 0.0080291186 -0.0079645157    272.88475 
 6536000 0.0078626429 -0.0078475922    269.18777 
 6537000 0.0081037732 -0.0081067756    263.71749 
 6538000 0.0079464898 -0.0079375687    270.05123 
 6539000 0.0078280324 -0.0077796307    274.19865 
 6540000 0.0079076975 -0.0078953565    275.06987 
 6541000 0.0079755531 -0.0079626182    269.42832 
 6542000 0.0077789622 -0.007752042    269.07283 
 6543000 0.0079435142 -0.0079467952    269.97093 
 6544000 0.0078918225 -0.0078638878    276.66519 
 6545000 0.0078900536 -0.0078665019    274.44555 
 6546000  0.008097072 -0.0080974628    270.88755 
 6547000 0.0079904524 -0.0079877665     274.3217 
 6548000 0.0079121031 -0.0079062843    268.03081 
 6549000 0.0078954809 -0.0078715195    270.58466 
 6550000 0.0078988755 -0.0078750749     267.1125 
 6551000 0.0077283255 -0.0077365752     271.1377 
 6552000 0.0079294278 -0.0079434303    269.27758 
 6553000 0.0079482894 -0.0079168631    266.41028 
 6554000 0.0079313812 -0.007883898    276.81767 
 6555000 0.0079109972 -0.0078762128    270.42197 
 6556000 0.0078639127 -0.0078467856    271.38998 
 6557000 0.0078851522 -0.0078647349    269.51962 
 6558000 0.0079705458 -0.0079281255    272.80178 
 6559000 0.0079621688 -0.0079700067    275.01506 
 6560000 0.0078999505 -0.0078743032    270.00021 
 6561000 0.0080447158 -0.0080346793    268.79203 
 6562000 0.0079979884 -0.0080014036     268.3928 
 6563000 0.0079756098 -0.0079383007    271.27641 
 6564000 0.0079798489 -0.0079678487    271.74162 
 6565000 0.0078644588 -0.0078826762    263.78082 
 6566000 0.0077129949 -0.0076790895      270.832 
 6567000  0.007882682 -0.0078611669    270.59577 
 6568000 0.0079413549 -0.0078998938    275.25745 
 6569000 0.0078199844 -0.0077674535     274.3814 
 6570000 0.0079172622 -0.0078984629    271.17979 
 6571000 0.0079833165 -0.0079591428    269.43418 
 6572000 0.0079681358 -0.0078635487    269.64687 
 6573000  0.007810703 -0.007765394    267.39786 
 6574000 0.0078210818 -0.0077416234    273.40582 
 6575000 0.0077431281 -0.0077252015    270.87662 
 6576000 0.0079422714 -0.007887552     269.6219 
 6577000 0.0077278453 -0.0077283219    268.64408 
 6578000 0.0077675422 -0.0077735228    273.52437 
 6579000 0.0080059942 -0.0079783392     269.4344 
 6580000 0.0078196167 -0.0077882208    271.59598 
 6581000 0.0078407089 -0.0078157112    270.32039 
 6582000 0.0076525244 -0.0076452061    263.82774 
 6583000 0.0078795043 -0.0078512769    270.83617 
 6584000 0.0076564661 -0.0076266419    270.37968 
 6585000 0.0077478041 -0.0077266032    274.69207 
 6586000 0.0078397029 -0.0077790966    275.37419 
 6587000 0.0077441055 -0.0077098025    266.14278 
 6588000 0.0077268147 -0.0077085538    273.53861 
 6589000 0.0075284283 -0.0074977755    270.85194 
 6590000 0.0076260949 -0.0075565337    271.00217 
 6591000  0.007521854 -0.0074841568    262.91832 
 6592000 0.0076843514 -0.0076571475    272.00553 
 6593000 0.0076403384 -0.0075993951    265.99774 
 6594000 0.0074696966 -0.0074409568    273.40022 
 6595000 0.0076418993 -0.0076263543    272.35418 
 6596000 0.0074405024 -0.0074149902    273.81976 
 6597000  0.007463081 -0.0074470087    270.43731 
 6598000 0.0073026061 -0.0073005025    264.86695 
 6599000 0.0074065152 -0.007355546    267.23884 
 6600000 0.0075064979 -0.0074834244    267.96725 
 6601000 0.0075103843 -0.0074427025    272.72696 
 6602000 0.0074537259 -0.0073898892    271.63646 
 6603000 0.0075352705 -0.0075082189    270.88532 
 6604000 0.0075899009 -0.0075654969     272.5001 
 6605000 0.0073780454 -0.007336457    270.78283 
 6606000   0.00766327 -0.0076149405    269.09888 
 6607000 0.0076065497 -0.0075936582    276.22508 
 6608000 0.0075599729 -0.0075127415     271.5092 
 6609000 0.0077312932 -0.0076345392    275.74544 
 6610000 0.0076053054 -0.0075847413    267.39175 
 6611000 0.0077390029 -0.0076949034    274.06687 
 6612000  0.007924978 -0.0078820785    271.78726 
 6613000 0.0079481192 -0.0079188562    270.62922 
 6614000 0.0076133953  -0.00761561    266.16213 
 6615000 0.0075489131 -0.0075552188     267.9554 
 6616000 0.0077666993 -0.0077728746    272.20467 
 6617000 0.0078561306 -0.0078641121    270.89944 
 6618000 0.0078911233 -0.0078855065    267.98583 
 6619000 0.0078169629 -0.0077984121      268.337 
 6620000 0.0077349566 -0.0077482219    266.39028 
 6621000 0.0076532206 -0.0076594449    268.94627 
 6622000  0.007722802 -0.0076904197    270.64966 
 6623000 0.0077267149 -0.0077086678    270.33575 
 6624000 0.0078030578 -0.0077693148    273.41393 
 6625000 0.0077253229 -0.0077182154    273.87906 
 6626000 0.0076904609 -0.0076806682    274.58864 
 6627000 0.0075365214 -0.0075336083    272.64503 
 6628000 0.0076877748 -0.007655452    273.82506 
 6629000 0.0076481105 -0.007623717    271.78997 
 6630000 0.0075395673 -0.0075197184      277.019 
 6631000 0.0076635872 -0.0076597374    269.84795 
 6632000 0.0077791044 -0.0077631694    269.27773 
 6633000 0.0076270611 -0.0076089201    270.04702 
 6634000 0.0078034029 -0.007766865    269.45562 
 6635000 0.0076807293 -0.0076561262    269.95254 
 6636000 0.0074087673 -0.0074261746    276.02121 
 6637000 0.0075736314 -0.0075580726    275.77277 
 6638000 0.0073827831 -0.0073794013    270.98802 
 6639000 0.0076365673 -0.0076276757    275.33131 
 6640000 0.0076648631 -0.0076567576    270.14115 
 6641000 0.0079255022 -0.0079204823    270.42991 
 6642000 0.0074752382  -0.00751559    271.95414 
 6643000 0.0076151723 -0.0075764128    271.84007 
 6644000 0.0077189315 -0.0076894147    274.76447 
 6645000 0.0076234017 -0.007589236    271.43617 
 6646000 0.0075271101 -0.0075212141    267.41386 
 6647000 0.0075395053 -0.0075462204    272.22888 
 6648000 0.0076305843 -0.007610098    266.19889 
 6649000 0.0075187871 -0.0074842282    271.98137 
 6650000 0.0075590674 -0.0075031819    267.22635 
 6651000 0.0075476019 -0.0075050065    268.54738 
 6652000 0.0073690125 -0.0073196561    275.58685 
 6653000 0.0075003129 -0.007443445    269.36606 
 6654000  0.007436348 -0.0074021779    272.24022 
 6655000 0.0077229678 -0.0076830383    273.81625 
 6656000 0.0073338912 -0.0073397381    271.61512 
 6657000 0.0076761138 -0.0076241122    277.66449 
 6658000 0.0074203321 -0.0074192197    269.04284 
 6659000 0.0075540803 -0.0075506771    272.24703 
 6660000 0.0076784842 -0.0076306043    272.57796 
 6661000 0.0075385679 -0.0075188108    274.03274 
 6662000  0.007551044 -0.007530426    263.23701 
 6663000  0.007306332 -0.0072634408    268.46139 
 6664000 0.0072922232 -0.0072440683    267.33182 
 6665000 0.0074617906 -0.0074185839    272.13131 
 6666000 0.0074054569 -0.0074071676    270.56121 
 6667000 0.0074752449 -0.0074766788    266.09031 
 6668000 0.0075827594 -0.0075684547    271.95879 
 6669000  0.007498397 -0.0074442811    269.87799 
 6670000 0.0073390044 -0.007337631    270.80465 
 6671000 0.0075995142 -0.0075711013    265.98298 
 6672000 0.0073392883 -0.0073245406    277.92323 
 6673000 0.0075957317 -0.007558497    273.23418 
 6674000 0.0075254456 -0.0075046457     268.5981 
 6675000 0.0076109315 -0.0075969537    271.80972 
 6676000 0.0075756315 -0.0075484637    268.49042 
 6677000 0.0073427881 -0.0073320009    270.14034 
 6678000 0.0071128293 -0.007087402     270.7184 
 6679000  0.007281719 -0.0072980081    278.33755 
 6680000 0.0072460182 -0.0072145236    267.67864 
 6681000 0.0073969933 -0.0073800667    273.05137 
 6682000  0.007148546 -0.007141274    268.10862 
 6683000 0.0072931939 -0.0072758573    271.43311 
 6684000 0.0073368984 -0.007320234    269.03957 
 6685000 0.0074560249 -0.0074180961    270.36434 
 6686000 0.0073614137 -0.0073313057    273.81314 
 6687000 0.0076423389 -0.007604858    267.43824 
 6688000 0.0074248674 -0.007428425    268.07401 
 6689000 0.0076541333 -0.0076295342    272.04345 
 6690000 0.0076173201 -0.0075889314     269.9047 
 6691000 0.0075157592 -0.0074876892    265.84288 
 6692000 0.0077807971 -0.0077493428    270.81102 
 6693000 0.0075255407 -0.0075378414    266.14549 
 6694000 0.0076032274 -0.007623783    270.53337 
 6695000 0.0075584412 -0.0075472332     270.6768 
 6696000 0.0074488403 -0.0074529759    271.11301 
 6697000  0.007751971 -0.0076799385    270.39849 
 6698000 0.0076737638 -0.0076691227    271.97866 
 6699000 0.0077141362 -0.0076859049    272.22598 
 6700000 0.0078318929 -0.0078033444    268.24647 
 6701000 0.0077361893 -0.0077127216    266.56891 
 6702000 0.0077625749 -0.0076952488    268.39911 
 6703000 0.0078147988 -0.0077954746    272.82474 
 6704000 0.0076800007 -0.0076589672    270.37306 
 6705000 0.0077883415 -0.0077825267    266.56201 
 6706000 0.0075594562 -0.0075710463    271.26174 
 6707000 0.0077011422 -0.007673745    268.51322 
 6708000 0.0077861854 -0.0077699485    270.22969 
 6709000 0.0075670412 -0.0075691988     272.2002 
 6710000 0.0076578568 -0.0076583556    266.52537 
 6711000 0.0077820058 -0.007811972    269.30028 
 6712000 0.0076799038 -0.0076842677    267.92449 
 6713000 0.0076836896 -0.0076746384    271.77034 
 6714000 0.0077046063 -0.0077039839    270.53606 
 6715000 0.0075730284 -0.0075899317     273.3011 
 6716000 0.0076281386 -0.0076204392    266.63849 
 6717000 0.0078270531 -0.0077891909    270.17239 
 6718000 0.0076856826 -0.0076322231    272.56687 
 6719000 0.0079158441 -0.0078992611    273.81234 
 6720000 0.0077897542 -0.0077562533    262.51171 
 6721000 0.0075660755 -0.0075483238     275.7693 
 6722000 0.0075548109 -0.0075301935    271.73898 
 6723000  0.007695645 -0.0076916142    271.84195 
 6724000 0.0078615712 -0.0078416313    269.95322 
 6725000 0.0077858037 -0.0077925422     271.3551 
 6726000  0.007568209 -0.007548416    265.55483 
 6727000 0.0077312575 -0.0077329345    272.74955 
 6728000  0.007865679 -0.0078601784    271.19732 
 6729000 0.0079371219 -0.0079085902    271.93523 
 6730000 0.0078314247 -0.0077812432    271.80826 
 6731000 0.0077639805 -0.0077695064    270.12656 
 6732000 0.0078112458 -0.0077779191    270.88507 
 6733000 0.0078466667 -0.0078177607    273.92954 
 6734000 0.0079622998 -0.0079310702    273.63085 
 6735000 0.0079535859 -0.0079672506    268.00323 
 6736000 0.0079666165 -0.0079116668    270.82444 
 6737000 0.0079509069 -0.0079525805    271.59077 
 6738000 0.0080163287 -0.0079948187    271.97747 
 6739000 0.0079720668 -0.0079667931    268.28654 
 6740000 0.0078897172 -0.0078786356    271.66722 
 6741000 0.0078856441 -0.0078673374    274.56592 
 6742000 0.0078690432 -0.0078880842    267.49584 
 6743000 0.0077247081 -0.0076806579    277.44839 
 6744000   0.00757367 -0.0075644215    268.45561 
 6745000 0.0076154842 -0.0075822364    276.25719 
 6746000 0.0077127513 -0.0077246556     272.7708 
 6747000 0.0076575565 -0.0076757486    270.94588 
 6748000 0.0076626005 -0.0076654411      271.733 
 6749000 0.0077869011 -0.0077535023    270.20137 
 6750000 0.0078742104 -0.0078516936     272.8313 
 6751000 0.0077689696 -0.0077786576    274.41042 
 6752000 0.0077988918 -0.0078046625    265.43821 
 6753000 0.0078252808 -0.0078268946    273.79398 
 6754000 0.0075521125 -0.0075917956     274.8866 
 6755000 0.0076182477 -0.0076388169    268.75891 
 6756000 0.0077899796 -0.0078078422     268.6422 
 6757000 0.0078291547 -0.007813726    267.26729 
 6758000 0.0076862643 -0.007694832    273.17317 
 6759000 0.0077956737 -0.0077919594     270.5409 
 6760000 0.0078566168 -0.007821227    269.33128 
 6761000 0.0074776835 -0.0074973712    269.83053 
 6762000 0.0077639163 -0.0077524344    269.39359 
 6763000  0.007669366 -0.0076775098    268.33869 
 6764000 0.0076867321 -0.0076618019     274.1443 
 6765000 0.0076659415 -0.0076735318    270.19555 
 6766000 0.0078157536 -0.0078089344    272.34547 
 6767000 0.0078086284 -0.0078146751    277.44398 
 6768000 0.0077898144 -0.0078396773    272.42778 
 6769000 0.0078242434 -0.0077706989    269.69661 
 6770000 0.0078941873 -0.0078475827    272.20365 
 6771000 0.0077285336 -0.0077276762    271.08344 
 6772000  0.007772031 -0.0077785136    272.12429 
 6773000 0.0077997078 -0.0077823408     275.2438 
 6774000 0.0077055549 -0.0077331778    271.41183 
 6775000 0.0078171972 -0.0078227042    269.30498 
 6776000 0.0077225571 -0.0076984531    268.23709 
 6777000 0.0076837712 -0.0077072401    270.61227 
 6778000 0.0076100377 -0.0076326141    274.06762 
 6779000 0.0077384321 -0.0077502788    278.43427 
 6780000 0.0074098832 -0.0073919071    273.27582 
 6781000 0.0076752898 -0.0076687878    271.87565 
 6782000  0.007626417 -0.0075765672     268.8676 
 6783000 0.0075921626 -0.0075746896    269.87791 
 6784000 0.0075728503 -0.0075535686    266.62742 
 6785000   0.00761894 -0.0075861924    273.81662 
 6786000 0.0074540025 -0.0074293133    270.98109 
 6787000 0.0074437495 -0.0074139981    271.64819 
 6788000 0.0072848091 -0.0072814871    275.76312 
 6789000 0.0071771083 -0.0072073371    268.81967 
 6790000 0.0074600719 -0.0074267176    266.92994 
 6791000 0.0075295271 -0.0074908457    271.23657 
 6792000 0.0076187257 -0.0075968446    270.79117 
 6793000 0.0075257646 -0.0075123248    267.37397 
 6794000 0.0076876816 -0.0076768853    265.98591 
 6795000 0.0076232345 -0.0076131816    271.03555 
 6796000 0.0074956259 -0.0074378793    269.97649 
 6797000 0.0077540584 -0.0077272178    270.52993 
 6798000 0.0075493101 -0.0075372759    274.95609 
 6799000 0.0076383344 -0.0076301793    274.76786 
 6800000 0.0077046606 -0.007670964    269.29703 
 6801000 0.0077036157 -0.0076842436    272.27107 
 6802000 0.0076067431 -0.0076096844    266.39823 
 6803000 0.0077664812 -0.0077469737    268.85244 
 6804000 0.0077270211 -0.0076581318    274.85785 
 6805000 0.0076963316 -0.0076647615     269.4413 
 6806000 0.0075831086 -0.007591595    269.38333 
 6807000 0.0076321972 -0.0076336302    273.54849 
 6808000 0.0077552001 -0.0077359458    273.49748 
 6809000 0.0078463354 -0.0078410019    269.30464 
 6810000  0.007526488 -0.0075024778    270.21434 
 6811000 0.0076111481 -0.0076278405    270.49634 
 6812000 0.0078742377 -0.0078773623    271.54065 
 6813000 0.0077324552 -0.0077397551    268.73839 
 6814000 0.0077661645 -0.0077907291    277.05679 
 6815000  0.007557963 -0.0075418264    269.90705 
 6816000 0.0075785555 -0.007556646    275.80358 
 6817000 0.0075928044 -0.0075781318    267.03848 
 6818000  0.007465849 -0.0074892334    274.05813 
 6819000 0.0077373733 -0.0077322631    270.17523 
 6820000 0.0075124334 -0.0075011298     274.8693 
 6821000 0.0075026601 -0.0075060569    272.55986 
 6822000 0.0075932875 -0.0075786957    277.14173 
 6823000 0.0076768135 -0.0076479135    274.17524 
 6824000 0.0077470439 -0.0077387691     267.3988 
 6825000 0.0077622634 -0.0077268281    270.84526 
 6826000 0.0077659327 -0.0077846792    266.85454 
 6827000  0.007683169 -0.0077083896    270.87788 
 6828000 0.0077649952 -0.0077234651    274.25158 
 6829000 0.0078654014 -0.0078477783    272.28523 
 6830000 0.0078198785 -0.0077919424    272.92032 
 6831000 0.0077813765 -0.0077968845    274.02543 
 6832000 0.0077330618 -0.0076913631    266.73716 
 6833000 0.0078362709 -0.0078086611     273.7494 
 6834000 0.0076138091 -0.0075894426    272.26684 
 6835000 0.0076141429 -0.0076031686    275.74179 
 6836000 0.0076877629 -0.0077238577    273.29061 
 6837000 0.0076674901 -0.0076676423    269.65475 
 6838000 0.0076511639 -0.0076357816    273.72891 
 6839000 0.0075957134 -0.0075939442    266.37424 
 6840000 0.0078268893 -0.0077737542    271.68749 
 6841000 0.0076822145 -0.0076797362    274.83572 
 6842000    0.0076058 -0.0075856619    272.96028 
 6843000 0.0076088209  -0.00759458    266.65522 
 6844000  0.007718165 -0.007743623    265.98714 
 6845000 0.0075402976 -0.0074955223    265.66806 
 6846000 0.0076956378 -0.0076757577    271.93291 
 6847000 0.0075805509  -0.00757201     271.9867 
 6848000 0.0078006722 -0.0078176579    271.57688 
 6849000  0.007654052 -0.0076665088    272.16535 
 6850000 0.0080225773 -0.0080041364    274.13136 
 6851000 0.0076664322 -0.007645091     269.8728 
 6852000 0.0077046152 -0.0077100683    271.80174 
 6853000 0.0076042217 -0.0075803924    266.73673 
 6854000 0.0075117512 -0.0074913081    272.40227 
 6855000 0.0076403999 -0.0076177362    263.27405 
 6856000 0.0076921542 -0.007666769    275.33868 
 6857000 0.0076758677 -0.0076550109    269.18412 
 6858000 0.0075991593 -0.0075976949    272.22243 
 6859000 0.0075709088 -0.0075408969    272.23806 
 6860000 0.0076050004 -0.0075874771    276.45688 
 6861000 0.0075746191 -0.0075396082    267.38104 
 6862000   0.00768304 -0.0076323212    273.11726 
 6863000 0.0076587966 -0.0076462749    275.76029 
 6864000 0.0075184093 -0.0074968313    269.39943 
 6865000 0.0075895927 -0.0075965139    275.13681 
 6866000 0.0076267122 -0.0076329454    267.86936 
 6867000 0.0074669895 -0.0074576801    266.13464 
 6868000 0.0075163302 -0.0075570517    271.45707 
 6869000 0.0073613563 -0.007364682    269.57002 
 6870000 0.0075888446 -0.007549108     271.1279 
 6871000 0.0074769765 -0.007460347     268.6025 
 6872000 0.0075687472 -0.0075641749    275.07508 
 6873000 0.0075924346 -0.0075821586    269.15202 
 6874000  0.007582577 -0.0075428281     270.4368 
 6875000 0.0076371526 -0.0076334811    267.42439 
 6876000 0.0075122797 -0.007528405    272.08125 
 6877000 0.0077078839 -0.0076945994    269.14659 
 6878000 0.0076954096  -0.00770051    274.62747 
 6879000 0.0076114436 -0.0076113057    274.42744 
 6880000  0.007480417 -0.0074960429    270.66255 
 6881000 0.0074925382 -0.0074962247     274.9504 
 6882000 0.0075095201 -0.0074726121    268.42421 
 6883000 0.0076129841 -0.0076272404    271.82024 
 6884000 0.0074512803 -0.0074779796    275.64222 
 6885000 0.0074856902 -0.0074659748     272.9406 
 6886000 0.0077343882 -0.0077340622    273.32295 
 6887000 0.0074875865 -0.0074590355    266.35157 
 6888000 0.0075779347 -0.0075962864    271.34525 
 6889000 0.0076483521 -0.0076456769    268.81477 
 6890000 0.0074910201 -0.0075233416    270.81891 
 6891000 0.0074902183 -0.0075244089    274.36285 
 6892000 0.0074952963 -0.0074904108    268.22832 
 6893000 0.0073009593 -0.0073066546    272.13734 
 6894000 0.0073212229 -0.0073153608    273.53091 
 6895000 0.0072664297 -0.0072822278    271.35391 
 6896000 0.0072705595 -0.0072711913    268.90314 
 6897000 0.0071918415 -0.0072192126     269.4373 
 6898000 0.0073942416 -0.0073946235    271.22442 
 6899000  0.007303481 -0.0073332611    269.17902 
 6900000 0.0073021337 -0.0072777767    273.15343 
 6901000 0.0073189193 -0.0073181951    271.28599 
 6902000 0.0074753723 -0.0074675195     271.7818 
 6903000 0.0076062663 -0.0076101612     271.2435 
 6904000 0.0076278326 -0.0076008882    273.83956 
 6905000 0.0076783272 -0.0076725253    270.58552 
 6906000  0.007730494 -0.0077004049    270.27674 
 6907000 0.0078554073 -0.0078658608    270.75835 
 6908000 0.0075910464 -0.007592009    268.26463 
 6909000 0.0077461585 -0.0077250001    273.60153 
 6910000 0.0078155066 -0.0077928555     270.6811 
 6911000 0.0077995066 -0.0078121952    270.02985 
 6912000 0.0078576226 -0.0078828068    273.19493 
 6913000  0.007622993 -0.0076531882    273.84985 
 6914000 0.0077314743 -0.0077383902    270.38176 
 6915000 0.0077707182 -0.0077425705    269.87627 
 6916000 0.0074647828 -0.0074944578    273.36205 
 6917000 0.0075973043 -0.0076161868    269.50736 
 6918000 0.0075751343 -0.0075722652    271.35797 
 6919000 0.0076118776 -0.0076062485    263.25508 
 6920000 0.0076905294 -0.0076712767    268.98658 
 6921000 0.0078151596 -0.0077800911    268.54572 
 6922000 0.0076378177 -0.0076295299    270.68372 
 6923000 0.0075391581 -0.0075137706    278.99414 
 6924000 0.0077049324 -0.0076979702    264.20622 
 6925000 0.0075739815 -0.0075711107    268.94515 
 6926000 0.0075568384 -0.0075738493    271.90637 
 6927000 0.0074928339 -0.0074810007    272.95786 
 6928000 0.0075109402 -0.0074966551    271.62157 
 6929000 0.0075272611 -0.0075420418    269.13085 
 6930000  0.007573007 -0.0075767885    271.73605 
 6931000 0.0074989958 -0.0074546008    267.83634 
 6932000 0.0075505856 -0.0075588443     271.1101 
 6933000  0.007486006 -0.0074483489     274.4491 
 6934000 0.0075414627 -0.007508044    272.66925 
 6935000 0.0076655316 -0.0076304707    271.15127 
 6936000 0.0074690951 -0.0074325428    275.46732 
 6937000 0.0074167253 -0.007384321    270.33249 
 6938000 0.0074907218 -0.0074410218    270.97637 
 6939000 0.0075169556 -0.0074906654    266.21465 
 6940000 0.0075230327 -0.0074890851    271.88387 
 6941000 0.0075458926 -0.0075265771    273.84468 
 6942000 0.0076693888 -0.0076781102    263.50857 
 6943000 0.0077420113 -0.0077508987     270.7221 
 6944000 0.0076199848 -0.0076211602     272.1609 
 6945000  0.007711226 -0.0076537911    271.70397 
 6946000 0.0078304529 -0.0078033873    272.37174 
 6947000 0.0077269741 -0.0077061988    270.60478 
 6948000 0.0076721246 -0.0076540201    273.95953 
 6949000 0.0078354722 -0.0078237614    267.23004 
 6950000 0.0075282298 -0.0075706031    270.02761 
 6951000 0.0076801491 -0.0076669217    276.05991 
 6952000 0.0077530443 -0.0077528026     270.7049 
 6953000 0.0076167082 -0.0076118143    272.54569 
 6954000 0.0075089044 -0.007503692       271.91 
 6955000 0.0076956735 -0.0076551813    271.37867 
 6956000 0.0076952465 -0.0077099426    271.34771 
 6957000 0.0076991929 -0.0076948307    268.29185 
 6958000 0.0078255061 -0.0078278212     270.6207 
 6959000 0.0076986812 -0.0077050976    271.39874 
 6960000 0.0078978745 -0.0078938041    270.85918 
 6961000 0.0080219406 -0.0080373336    273.31667 
 6962000 0.0079063067 -0.0079173203    267.76854 
 6963000 0.0077354325 -0.007729164     274.7287 
 6964000 0.0077789397 -0.0077972206    267.91557 
 6965000 0.0078051651 -0.0077968615    269.29165 
 6966000  0.007818284 -0.0078244835    268.51024 
 6967000 0.0078599775 -0.0078506848    265.60224 
 6968000 0.0078659223 -0.0078602661    272.26357 
 6969000  0.007695109 -0.0076898726    272.79613 
 6970000 0.0078096377 -0.0077725588    268.34357 
 6971000 0.0079333774 -0.0079349631     275.0604 
 6972000 0.0077387439 -0.0077453682    269.47444 
 6973000  0.007715362 -0.0077126683    270.23007 
 6974000 0.0075731401 -0.0075936671    263.39525 
 6975000 0.0075771226 -0.0075378454    271.85248 
 6976000 0.0074605557 -0.0074872031    263.57015 
 6977000 0.0077822555 -0.0077738956    271.79523 
 6978000 0.0076066944 -0.0076087841    275.28504 
 6979000 0.0076147514 -0.0075944041     272.5346 
 6980000 0.0076511616 -0.0075846417     274.0647 
 6981000 0.0076963938 -0.0076398705    266.81098 
 6982000 0.0076193943 -0.0075923305    271.27097 
 6983000 0.0076497029 -0.0076005728    269.00078 
 6984000 0.0075871328 -0.0075661985    268.88192 
 6985000 0.0076191843 -0.0076072318    267.45415 
 6986000 0.0077137538 -0.0077270842     273.4553 
 6987000 0.0077364669 -0.007693876    270.43159 
 6988000 0.0078685642 -0.0078651421    269.79198 
 6989000 0.0077067469 -0.0077027394    276.74806 
 6990000 0.0078557802 -0.0078310456    272.03557 
 6991000 0.0080282883 -0.0080044474    268.23136 
 6992000 0.0079436427 -0.0078952107    269.01743 
 6993000 0.0078360113 -0.0078163302    268.02069 
 6994000 0.0076460436 -0.0076007601     271.2375 
 6995000 0.0077516024 -0.0077157477    269.19067 
 6996000  0.007692923 -0.0076363799    267.15942 
 6997000  0.007623097 -0.0075972912    269.60516 
 6998000 0.0078901827 -0.0078612247    271.12491 
 6999000 0.0077934769 -0.0077798177    268.37503 
 7000000  0.007737111 -0.0077410872    272.95335 

